Type	error	Date	PC Time	 gps time	 latitude	 longitude	 equ temp	std val	 CO2 mv	 CO2 um/m	 H2O mv	 H2O mm/m	 licor temp	 licor press	 atm press	 equ press	 H2O flow	 licor flow	 equ pump	 vent flow	 atm cond	 equ cond	 drip 1	 drip 2	 cond temp	 dry box temp	 deck box temp	pres	temp	cond	O2(%sat)	O2(ppm)	pH	eH	temp2	TSG temp	TSG salt	intake temp	Ch conc	Ch temp	Intake Temp
EQU	0	04/09/09	00:02:20	00:02:23	-34.0261	16.6143	17.59	NaN	8471884.00	409.50	11865113.00	0.00	30.71	1016.15	1017.62	0.15	2.33	63.84	9.00	-55.84	9.92	9.90	9.93	0.62	6.31	24.56	22.69	0.29	17.556	46.254	110.6	10.55	7.761	50.4	-38.583	NaN	NaN	NaN	0.038	0.0	16.9249
EQU	0	04/09/09	00:03:33	00:03:36	-34.0266	16.6103	17.60	NaN	8541866.00	389.08	12053618.00	0.00	30.71	1016.19	1017.43	0.70	2.30	58.36	9.00	-55.83	9.92	9.90	9.93	0.62	6.31	24.56	22.69	0.35	17.567	46.265	110.5	10.53	7.761	50.3	-38.583	NaN	NaN	NaN	0.038	0.0	16.9397
EQU	0	04/09/09	00:04:47	00:04:50	-34.0271	16.6062	17.61	NaN	8444557.00	401.49	12016707.00	0.00	30.71	1016.09	1017.32	0.76	2.29	60.67	9.00	-55.83	9.92	9.90	9.93	0.62	6.31	24.56	22.69	0.36	17.568	46.268	110.5	10.53	7.760	50.3	-38.583	NaN	NaN	NaN	0.038	0.0	16.9377
EQU	0	04/09/09	00:06:00	00:06:03	-34.0275	16.6021	17.62	NaN	8494229.00	406.35	11953342.00	0.00	30.70	1016.28	1017.75	0.87	2.32	52.16	9.00	-55.81	9.92	9.90	9.93	0.62	6.31	24.56	22.69	0.29	17.579	46.278	110.5	10.53	7.760	50.2	-38.583	NaN	NaN	NaN	0.032	0.0	16.9394
EQU	0	04/09/09	00:07:13	00:07:17	-34.0281	16.5979	17.62	NaN	8539135.00	411.13	11786353.00	0.00	30.70	1016.14	1017.79	0.54	2.31	62.23	9.00	-55.81	9.92	9.90	9.93	0.62	6.37	24.56	22.69	0.33	17.580	46.281	110.4	10.52	7.760	50.2	-38.583	NaN	NaN	NaN	0.023	0.0	16.9482
EQU	0	04/09/09	00:08:27	00:08:30	-34.0286	16.5938	17.62	NaN	8514684.00	412.97	11951895.00	0.00	30.70	1016.00	1017.40	0.43	2.29	57.28	9.00	-55.81	9.92	9.90	9.93	0.62	6.31	24.56	22.69	0.28	17.586	46.285	110.4	10.52	7.760	50.4	-38.583	NaN	NaN	NaN	0.019	0.0	16.9460
EQU	0	04/09/09	00:09:40	00:09:43	-34.0291	16.5899	17.63	NaN	8198281.00	413.57	12287781.00	0.00	30.70	1016.21	1016.72	0.00	2.32	62.76	9.00	-55.80	9.92	9.90	9.93	0.62	6.31	24.50	22.69	0.36	17.588	46.289	110.2	10.50	7.760	50.2	-38.583	NaN	NaN	NaN	0.016	0.0	16.9579
EQU	0	04/09/09	00:10:53	00:10:56	-34.0296	16.5859	17.63	NaN	8404132.00	416.99	12174721.00	0.00	30.70	1016.07	1017.08	0.44	2.31	58.70	9.00	-55.80	9.92	9.90	9.93	0.62	6.31	24.50	22.69	0.31	17.591	46.294	110.2	10.50	7.760	50.3	-38.583	NaN	NaN	NaN	0.016	0.0	16.9558
EQU	0	04/09/09	00:12:06	00:12:10	-34.0301	16.5817	17.64	NaN	8366311.00	414.04	12010752.00	0.00	30.70	1016.16	1017.23	0.67	2.31	49.19	9.00	-55.80	9.92	9.90	9.93	0.62	6.37	24.56	22.69	0.29	17.598	46.301	110.2	10.50	7.759	50.5	-38.583	NaN	NaN	NaN	0.016	0.0	16.9619
EQU	0	04/09/09	00:13:20	00:13:23	-34.0306	16.5777	17.64	NaN	8399271.00	413.05	12180414.00	0.00	30.70	1016.19	1017.10	0.25	2.30	65.80	9.00	-55.80	9.92	9.90	9.93	0.62	6.37	24.56	22.69	0.33	17.599	46.302	110.1	10.49	7.760	50.7	-38.583	NaN	NaN	NaN	0.013	0.0	16.9578
EQU	0	04/09/09	00:14:33	00:14:36	-34.0310	16.5737	17.64	NaN	8367253.00	412.95	12180421.00	0.00	30.70	1016.10	1017.02	0.48	2.33	59.36	9.00	-55.81	9.92	9.90	9.93	0.62	6.37	24.56	22.69	0.35	17.606	46.310	110.1	10.48	7.759	50.8	-38.583	NaN	NaN	NaN	0.014	0.0	16.9705
EQU	0	04/09/09	00:15:46	00:15:49	-34.0316	16.5697	17.65	NaN	8579089.00	413.14	11947697.00	0.00	30.70	1015.98	1017.35	0.46	2.30	65.39	9.00	-55.81	9.92	9.90	9.93	0.62	6.37	24.56	22.69	0.35	17.604	46.306	110.1	10.48	7.759	51.0	-38.583	NaN	NaN	NaN	0.015	0.0	16.9689
EQU	0	04/09/09	00:17:00	00:17:03	-34.0320	16.5655	17.65	NaN	8404935.00	413.04	12094599.00	0.00	30.70	1016.07	1017.02	0.79	2.31	54.57	9.00	-55.81	9.92	9.90	9.93	0.62	6.37	24.56	22.69	0.33	17.609	46.312	110.0	10.48	7.759	51.3	-38.583	NaN	NaN	NaN	0.017	0.0	16.9710
EQU	0	04/09/09	00:18:13	00:18:16	-34.0325	16.5613	17.65	NaN	8531163.00	410.48	11806723.00	0.00	30.70	1016.15	1017.70	0.34	2.30	59.84	9.00	-55.81	9.92	9.90	9.93	0.62	6.37	24.56	22.79	0.29	17.610	46.313	110.1	10.48	7.759	51.5	-38.583	NaN	NaN	NaN	0.021	0.0	16.9781
EQU	0	04/09/09	00:19:26	00:19:29	-34.0331	16.5571	17.65	NaN	8507592.00	411.67	11984879.00	0.00	30.70	1016.11	1017.45	0.85	2.31	62.85	9.00	-55.81	9.92	9.90	9.93	0.62	6.37	24.50	22.79	0.33	17.610	46.315	110.0	10.47	7.759	51.8	-38.583	NaN	NaN	NaN	0.018	0.0	16.9673
EQU-DRAIN	0	04/09/09	00:20:39	00:20:42	-34.0336	16.5529	17.66	NaN	8419030.00	412.18	12022341.00	0.00	30.70	1016.00	1017.10	0.01	2.30	66.49	9.00	-55.81	9.92	9.90	9.93	0.62	6.37	24.50	22.69	0.33	17.612	46.316	110.0	10.47	7.759	51.8	-38.583	NaN	NaN	NaN	0.018	0.0	16.9653
EQU	0	04/09/09	00:22:14	00:22:17	-34.0344	16.5475	17.65	NaN	8516989.00	408.47	11889623.00	0.00	30.69	1016.07	1017.46	0.78	2.31	66.03	9.00	-55.81	9.92	9.90	9.93	0.62	6.37	24.56	22.79	0.33	17.609	46.312	110.0	10.47	7.759	51.9	-38.583	NaN	NaN	NaN	0.015	0.0	16.9661
EQU	0	04/09/09	00:23:27	00:23:30	-34.0350	16.5434	17.66	NaN	8637877.00	401.08	11851497.00	0.00	30.69	1016.13	1017.64	0.67	2.30	56.81	9.00	-55.81	9.92	9.90	9.93	0.62	6.37	24.50	22.79	0.37	17.615	46.318	109.9	10.47	7.759	52.4	-38.583	NaN	NaN	NaN	0.007	0.0	16.9652
EQU	0	04/09/09	00:24:40	00:24:43	-34.0355	16.5395	17.66	NaN	8452495.00	409.33	12031150.00	0.00	30.69	1016.09	1017.25	0.84	2.31	56.13	9.00	-55.81	9.92	9.90	9.93	0.62	6.37	24.56	22.69	0.31	17.610	46.314	109.9	10.47	7.759	52.9	-38.583	NaN	NaN	NaN	0.006	0.0	16.9612
EQU	0	04/09/09	00:25:53	00:25:56	-34.0359	16.5354	17.65	NaN	8360192.00	417.29	12243902.00	0.00	30.69	1015.81	1016.63	0.45	2.28	64.16	9.00	-55.81	9.92	9.90	9.93	0.62	6.37	24.56	22.69	0.37	17.613	46.316	109.9	10.46	7.759	53.1	-38.583	NaN	NaN	NaN	0.008	0.0	16.9605
EQU	0	04/09/09	00:27:06	00:27:10	-34.0365	16.5313	17.65	NaN	8462627.00	410.63	11994259.00	0.00	30.69	1015.95	1017.25	0.31	2.30	59.97	9.00	-55.81	9.92	9.90	9.93	0.62	6.37	24.56	22.79	0.30	17.607	46.310	109.9	10.47	7.759	53.7	-38.583	NaN	NaN	NaN	0.006	0.0	16.9626
EQU	0	04/09/09	00:28:20	00:28:23	-34.0371	16.5272	17.65	NaN	8445592.00	411.37	11955296.00	0.00	30.69	1016.09	1017.29	0.32	2.30	49.75	9.00	-55.81	9.92	9.90	9.93	0.62	6.37	24.50	22.79	0.32	17.607	46.310	109.9	10.47	7.758	54.3	-38.583	NaN	NaN	NaN	0.007	0.0	16.9485
STD1	0	04/09/09	00:33:50	00:33:53	-34.0397	16.5085	17.63	0.00	9998356.00	0.87	12191413.00	0.00	30.68	1015.94	1017.24	0.87	2.31	60.67	9.00	-55.81	9.92	9.90	9.93	0.62	6.37	24.50	22.79	0.22	17.589	46.288	109.9	10.47	7.759	55.7	-38.583	NaN	NaN	NaN	-0.000	0.0	16.9326
STD1	0	04/09/09	00:35:20	00:35:24	-34.0402	16.5035	17.63	0.00	10275003.00	0.68	11815107.00	0.00	30.68	1015.69	1016.78	0.90	2.31	60.28	9.00	-55.81	9.92	9.90	9.93	0.62	6.37	24.50	22.79	0.34	17.585	46.278	109.9	10.47	7.759	55.4	-38.583	NaN	NaN	NaN	0.000	0.0	16.9262
STD1	0	04/09/09	00:36:51	00:36:54	-34.0409	16.4984	17.62	0.00	10102177.00	0.64	11968879.00	0.00	30.68	1015.81	1016.97	0.89	2.30	61.42	9.00	-55.81	9.92	9.90	9.93	0.62	6.37	24.50	22.79	0.33	17.580	46.276	110.0	10.48	7.760	55.2	-38.583	NaN	NaN	NaN	-0.000	0.0	16.9244
STD2-DRAIN	0	04/09/09	00:42:21	00:42:24	-34.0436	16.4798	17.62	357.38	8573507.00	358.30	12215991.00	0.00	30.67	1015.70	1016.75	0.95	2.30	64.16	9.00	-55.83	9.92	9.90	9.93	0.62	6.37	24.50	22.79	0.35	17.582	46.279	110.0	10.48	7.759	55.0	-38.583	NaN	NaN	NaN	-0.004	0.0	16.9337
STD2	0	04/09/09	00:44:13	00:44:17	-34.0443	16.4734	17.62	357.38	8579104.00	358.41	12168762.00	0.00	30.67	1015.63	1017.00	1.08	2.30	64.21	9.00	-55.81	9.92	9.90	9.93	0.62	6.37	24.50	22.79	0.31	17.579	46.277	110.0	10.48	7.759	55.1	-38.583	NaN	NaN	NaN	-0.005	0.0	16.9378
STD2	0	04/09/09	00:45:44	00:45:47	-34.0450	16.4684	17.62	357.38	8645773.00	358.31	12064889.00	0.00	30.67	1015.69	1016.62	0.96	2.31	63.08	9.00	-55.80	9.92	9.90	9.93	0.62	6.37	24.56	22.79	0.31	17.582	46.281	110.0	10.48	7.759	55.2	-38.583	NaN	NaN	NaN	0.002	0.0	16.9387
STD3	0	04/09/09	00:51:14	00:51:18	-34.0477	16.4502	17.63	377.08	8487750.00	378.42	12235982.00	0.00	30.74	1015.59	1016.44	0.88	2.29	63.44	9.00	-55.73	9.92	9.91	9.93	0.62	6.37	25.00	22.79	0.29	17.590	46.287	109.8	10.46	7.757	55.7	-38.583	NaN	NaN	NaN	-0.010	0.0	16.9388
STD3	0	04/09/09	00:52:44	00:52:48	-34.0484	16.4450	17.63	377.08	8581009.00	378.22	12084060.00	0.00	30.77	1015.32	1016.58	0.93	2.31	63.03	9.00	-55.73	9.92	9.91	9.93	0.62	6.31	25.06	22.79	0.33	17.586	46.283	109.8	10.46	7.758	55.9	-38.583	NaN	NaN	NaN	-0.012	0.0	16.9341
STD3	0	04/09/09	00:54:15	00:54:18	-34.0492	16.4400	17.63	377.08	8396388.00	378.44	12390809.00	0.00	30.79	1015.40	1016.52	0.94	2.30	63.80	9.00	-55.74	9.92	9.91	9.93	0.62	6.31	25.12	22.79	0.27	17.588	46.285	109.7	10.45	7.758	56.2	-38.583	NaN	NaN	NaN	-0.007	0.0	16.9461
STD4	0	04/09/09	00:59:45	00:59:49	-34.0518	16.4215	17.62	402.83	8502781.00	404.29	12178682.00	0.00	30.89	1015.34	1016.36	0.87	2.31	63.30	9.00	-55.74	9.92	9.91	9.93	0.62	6.31	25.12	22.79	0.32	17.581	46.282	109.7	10.45	7.758	56.4	-38.583	NaN	NaN	NaN	0.003	0.0	16.9463
STD4-DRAIN	0	04/09/09	01:01:16	01:01:19	-34.0526	16.4165	17.63	402.83	8450174.00	404.20	12177640.00	0.00	30.92	1015.25	1016.71	0.89	2.29	64.71	9.00	-55.74	9.92	9.91	9.93	0.62	6.31	25.12	22.79	0.34	17.591	46.292	109.7	10.45	7.759	56.6	-38.583	NaN	NaN	NaN	0.004	0.0	16.9535
STD4	0	04/09/09	01:03:08	01:03:11	-34.0534	16.4104	17.64	402.83	8523454.00	403.98	11956854.00	0.00	30.94	1015.24	1016.49	1.08	2.29	65.48	9.00	-55.74	9.92	9.91	9.93	0.62	6.31	25.12	22.79	0.30	17.599	46.301	109.8	10.46	7.758	57.1	-38.583	NaN	NaN	NaN	-0.006	0.0	16.9732
ATM	0	04/09/09	01:08:38	01:08:42	-34.0557	16.3921	17.67	NaN	8551919.00	386.56	12005897.00	0.00	31.02	1014.89	1016.51	0.93	2.28	136.18	9.00	-55.73	9.92	9.91	9.93	0.62	6.31	25.12	22.89	0.33	17.628	46.336	109.8	10.45	7.757	57.5	-38.583	NaN	NaN	NaN	-0.005	0.0	16.9808
ATM	0	04/09/09	01:10:09	01:10:12	-34.0564	16.3872	17.67	NaN	8420910.00	386.78	12201729.00	0.00	31.03	1015.07	1016.33	0.92	2.29	136.62	9.00	-55.74	9.92	9.91	9.93	0.62	6.31	25.12	22.89	0.30	17.626	46.335	109.8	10.45	7.757	57.7	-38.583	NaN	NaN	NaN	-0.010	0.0	16.9785
ATM	0	04/09/09	01:11:39	01:11:42	-34.0570	16.3821	17.68	NaN	8545424.00	386.73	11995448.00	0.00	31.05	1014.98	1016.34	0.92	2.30	135.81	9.00	-55.78	9.92	9.91	9.93	0.62	6.31	25.12	22.89	0.35	17.631	46.339	109.7	10.44	7.756	57.7	-38.583	NaN	NaN	NaN	-0.015	0.0	16.9834
ATM	0	04/09/09	01:13:09	01:13:13	-34.0578	16.3770	17.67	NaN	8553990.00	386.42	11918429.00	0.00	31.07	1015.06	1016.00	0.90	2.31	136.40	9.00	-55.82	9.92	9.91	9.93	0.62	6.31	25.12	22.89	0.33	17.628	46.338	109.7	10.44	7.756	57.8	-38.583	NaN	NaN	NaN	-0.018	0.0	16.9818
ATM	0	04/09/09	01:14:40	01:14:43	-34.0585	16.3719	17.67	NaN	8482858.00	386.80	12162673.00	0.00	31.08	1014.81	1016.08	0.92	2.30	137.28	9.00	-55.80	9.92	9.91	9.93	0.62	6.31	25.12	22.89	0.36	17.631	46.340	109.5	10.43	7.756	57.8	-38.583	NaN	NaN	NaN	-0.024	0.0	16.9928
EQU	0	04/09/09	01:19:57	01:20:00	-34.0611	16.3538	17.69	NaN	8389744.00	434.28	12056517.00	0.00	31.14	1014.93	1016.15	0.36	2.31	101.92	11.00	-55.76	9.92	9.91	9.93	0.62	6.31	25.19	22.89	0.32	17.655	46.367	109.3	10.40	7.755	58.6	-38.583	NaN	NaN	NaN	-0.025	0.0	17.0169
EQU-DRAIN	0	04/09/09	01:21:09	01:21:13	-34.0618	16.3497	17.69	NaN	8549994.00	410.61	12007283.00	0.00	31.15	1014.86	1016.01	0.58	2.32	137.95	11.00	-55.76	9.92	9.91	9.93	0.62	6.31	25.19	22.89	0.29	17.657	46.371	109.3	10.40	7.756	58.4	-38.583	NaN	NaN	NaN	-0.026	0.0	17.0146
EQU	0	04/09/09	01:22:45	01:22:48	-34.0626	16.3444	17.70	NaN	8378242.00	401.20	12225843.00	0.00	31.17	1014.94	1015.91	0.72	2.32	142.93	11.00	-55.75	9.92	9.91	9.93	0.62	6.31	25.12	22.89	0.30	17.662	46.377	109.3	10.40	7.755	58.4	-38.583	NaN	NaN	NaN	-0.027	0.0	17.0248
EQU	0	04/09/09	01:23:58	01:24:01	-34.0632	16.3403	17.70	NaN	8493331.00	400.99	12009275.00	0.00	31.18	1014.72	1016.09	0.20	2.31	115.53	11.00	-55.74	9.92	9.91	9.93	0.62	6.31	25.12	22.89	0.29	17.660	46.376	109.3	10.40	7.755	58.5	-38.583	NaN	NaN	NaN	-0.029	0.0	17.0133
EQU	0	04/09/09	01:25:11	01:25:14	-34.0640	16.3361	17.70	NaN	8534958.00	405.18	11928907.00	0.00	31.19	1014.85	1016.32	0.66	2.30	133.69	11.00	-55.74	9.92	9.91	9.93	0.62	6.31	25.12	22.89	0.25	17.664	46.381	109.2	10.39	7.756	58.5	-38.583	NaN	NaN	NaN	-0.028	0.0	17.0169
EQU	0	04/09/09	01:26:24	01:26:28	-34.0645	16.3320	17.70	NaN	8501429.00	406.32	11976622.00	0.00	31.19	1014.82	1016.11	-0.55	2.31	118.70	11.00	-55.74	9.92	9.91	9.93	0.62	6.25	25.12	22.89	0.33	17.661	46.378	109.2	10.39	7.756	58.5	-38.583	NaN	NaN	NaN	-0.027	0.0	17.0186
EQU	0	04/09/09	01:27:38	01:27:41	-34.0652	16.3279	17.70	NaN	8416389.00	408.24	12202337.00	0.00	31.20	1014.84	1015.87	0.25	2.31	142.02	11.00	-55.74	9.92	9.91	9.93	0.62	6.25	25.12	22.89	0.28	17.665	46.381	109.2	10.39	7.756	58.7	-38.583	NaN	NaN	NaN	-0.026	0.0	17.0120
EQU	0	04/09/09	01:28:51	01:28:54	-34.0658	16.3239	17.70	NaN	8537733.00	408.45	11920521.00	0.00	31.21	1014.77	1016.18	-0.50	2.31	113.77	11.00	-55.75	9.92	9.91	9.93	0.62	6.31	25.12	22.89	0.33	17.660	46.376	109.3	10.40	7.756	59.0	-38.583	NaN	NaN	NaN	-0.026	0.0	17.0163
EQU	0	04/09/09	01:30:04	01:30:07	-34.0664	16.3198	17.70	NaN	8530093.00	409.00	12127543.00	0.00	31.22	1014.74	1015.60	0.69	2.33	143.39	11.00	-55.74	9.92	9.91	9.93	0.62	6.25	25.12	22.89	0.28	17.663	46.379	109.3	10.39	7.756	59.2	-38.583	NaN	NaN	NaN	-0.031	0.0	17.0142
EQU	0	04/09/09	01:31:17	01:31:21	-34.0670	16.3159	17.70	NaN	8523008.00	410.18	11942807.00	0.00	31.22	1014.59	1015.95	-0.70	2.29	116.91	11.00	-55.74	9.92	9.91	9.93	0.62	6.31	25.12	22.89	0.31	17.660	46.375	109.3	10.39	7.756	59.6	-38.583	NaN	NaN	NaN	-0.030	0.0	17.0169
EQU	0	04/09/09	01:32:31	01:32:34	-34.0677	16.3120	17.70	NaN	8385702.00	409.20	12165082.00	0.00	31.23	1014.62	1015.49	-0.22	2.30	129.66	11.00	-55.75	9.92	9.91	9.93	0.62	6.25	25.12	22.89	0.34	17.663	46.378	109.2	10.39	7.756	59.8	-38.583	NaN	NaN	NaN	-0.028	0.0	17.0102
EQU	0	04/09/09	01:33:44	01:33:47	-34.0682	16.3079	17.70	NaN	8426283.00	409.37	12174512.00	0.00	31.24	1014.52	1015.44	0.14	2.32	139.60	11.00	-55.74	9.92	9.91	9.93	0.62	6.25	25.12	22.89	0.31	17.662	46.375	109.2	10.39	7.756	59.8	-38.583	NaN	NaN	NaN	-0.028	0.0	17.0107
EQU	0	04/09/09	01:34:57	01:35:01	-34.0689	16.3039	17.70	NaN	8453390.00	409.55	12060146.00	0.00	31.25	1014.69	1015.69	-0.60	2.32	115.99	11.00	-55.75	9.92	9.91	9.93	0.62	6.25	25.19	22.89	0.32	17.659	46.373	109.2	10.39	7.756	59.9	-38.583	NaN	NaN	NaN	-0.028	0.0	17.0132
EQU	0	04/09/09	01:36:10	01:36:14	-34.0696	16.2998	17.70	NaN	8393087.00	410.04	12025931.00	0.00	31.26	1014.52	1015.46	0.45	2.30	138.33	11.00	-55.76	9.92	9.91	9.93	0.62	6.25	25.19	22.89	0.26	17.663	46.378	109.2	10.39	7.756	59.9	-38.583	NaN	NaN	NaN	-0.025	0.0	17.0146
EQU	0	04/09/09	01:37:23	01:37:27	-34.0702	16.2957	17.70	NaN	8442541.00	409.18	11938722.00	0.00	31.26	1014.47	1015.80	0.46	2.29	136.10	11.00	-55.75	9.92	9.91	9.93	0.62	6.31	25.19	22.89	0.32	17.661	46.376	109.3	10.40	7.756	60.0	-38.583	NaN	NaN	NaN	-0.030	0.0	17.0109
EQU	0	04/09/09	01:38:37	01:38:40	-34.0709	16.2919	17.70	NaN	8487626.00	409.04	12014830.00	0.00	31.27	1014.48	1015.83	0.10	2.31	131.30	11.00	-55.75	9.92	9.91	9.93	0.62	6.31	25.19	22.89	0.36	17.659	46.374	109.3	10.39	7.756	60.1	-38.583	NaN	NaN	NaN	-0.027	0.0	17.0118
EQU	0	04/09/09	01:39:50	01:39:53	-34.0715	16.2880	17.70	NaN	8479172.00	410.67	11998429.00	0.00	31.28	1014.58	1015.91	0.54	2.32	135.73	11.00	-55.74	9.92	9.91	9.93	0.62	6.25	25.19	22.89	0.31	17.657	46.372	109.3	10.39	7.756	60.3	-38.583	NaN	NaN	NaN	-0.026	0.0	17.0160
EQU-DRAIN	0	04/09/09	01:41:03	01:41:07	-34.0722	16.2839	17.70	NaN	8358907.00	410.67	12044393.00	0.00	31.29	1014.63	1015.71	-0.31	2.30	136.18	11.00	-55.73	9.92	9.91	9.93	0.62	6.31	25.19	22.89	0.30	17.658	46.369	109.3	10.40	7.756	60.4	-38.583	NaN	NaN	NaN	-0.024	0.0	17.0056
EQU	0	04/09/09	01:42:38	01:42:42	-34.0730	16.2789	17.70	NaN	8405248.00	404.56	12230569.00	0.00	31.29	1014.58	1015.32	0.07	2.30	111.65	11.00	-55.74	9.92	9.91	9.93	0.62	6.31	25.12	22.89	0.31	17.655	46.368	109.3	10.40	7.756	60.4	-38.583	NaN	NaN	NaN	-0.023	0.0	17.0049
EQU	0	04/09/09	01:43:52	01:43:55	-34.0735	16.2750	17.69	NaN	8355324.00	402.20	12239438.00	0.00	31.30	1014.53	1015.29	0.58	2.32	134.12	11.00	-55.74	9.92	9.91	9.93	0.62	6.25	25.12	22.89	0.30	17.656	46.369	109.4	10.40	7.756	60.7	-38.583	NaN	NaN	NaN	-0.019	0.0	17.0056
EQU	0	04/09/09	01:45:05	01:45:08	-34.0741	16.2710	17.69	NaN	8437321.00	406.17	12270147.00	0.00	31.30	1014.39	1015.14	-0.44	2.30	127.40	11.00	-55.75	9.92	9.91	9.93	0.62	6.25	25.12	22.99	0.30	17.651	46.364	109.3	10.40	7.756	60.9	-38.583	NaN	NaN	NaN	-0.023	0.0	17.0045
EQU	0	04/09/09	01:46:18	01:46:22	-34.0747	16.2669	17.69	NaN	8424428.00	408.09	12035110.00	0.00	31.31	1014.55	1015.72	0.28	2.31	140.58	11.00	-55.75	9.92	9.91	9.93	0.62	6.25	25.12	22.99	0.33	17.652	46.365	109.3	10.40	7.756	60.8	-38.583	NaN	NaN	NaN	-0.018	0.0	16.9966
EQU	0	04/09/09	01:47:31	01:47:35	-34.0751	16.2628	17.69	NaN	8538520.00	406.74	12049363.00	0.00	31.31	1014.58	1015.95	-0.41	2.32	122.76	11.00	-55.76	9.92	9.91	9.93	0.62	6.31	25.12	22.89	0.33	17.652	46.364	109.4	10.40	7.756	60.5	-38.583	NaN	NaN	NaN	-0.021	0.0	17.0006
EQU	0	04/09/09	01:48:45	01:48:48	-34.0756	16.2586	17.69	NaN	8394011.00	407.96	12118693.00	0.00	31.31	1014.64	1015.61	0.23	2.30	139.00	11.00	-55.76	9.92	9.91	9.93	0.62	6.31	25.12	22.99	0.34	17.647	46.359	109.4	10.41	7.757	60.5	-38.583	NaN	NaN	NaN	-0.014	0.0	16.9991
EQU	0	04/09/09	01:49:58	01:50:01	-34.0761	16.2545	17.69	NaN	8415448.00	408.38	12031967.00	0.00	31.32	1014.69	1015.85	0.42	2.29	139.15	11.00	-55.76	9.92	9.91	9.93	0.62	6.25	25.12	22.99	0.31	17.649	46.360	109.4	10.41	7.756	60.6	-38.583	NaN	NaN	NaN	-0.022	0.0	16.9953
EQU	0	04/09/09	01:51:11	01:51:15	-34.0767	16.2504	17.69	NaN	8412595.00	406.12	12146056.00	0.00	31.32	1014.57	1015.67	0.40	2.30	140.95	11.00	-55.76	9.92	9.91	9.93	0.62	6.25	25.12	22.99	0.33	17.645	46.356	109.4	10.41	7.756	61.0	-38.583	NaN	NaN	NaN	-0.018	0.0	16.9915
EQU	0	04/09/09	01:52:24	01:52:28	-34.0772	16.2464	17.68	NaN	8442881.00	407.88	12162057.00	0.00	31.33	1014.55	1015.60	-0.78	2.32	110.19	11.00	-55.75	9.92	9.91	9.93	0.62	6.25	25.12	22.89	0.32	17.643	46.355	109.4	10.41	7.757	61.2	-38.583	NaN	NaN	NaN	-0.015	0.0	16.9922
EQU	0	04/09/09	01:53:38	01:53:41	-34.0776	16.2423	17.68	NaN	8411003.00	407.00	12106585.00	0.00	31.33	1014.49	1015.58	-0.64	2.31	108.48	11.00	-55.76	9.92	9.91	9.93	0.62	6.25	25.12	22.99	0.30	17.642	46.355	109.4	10.41	7.756	61.4	-38.583	NaN	NaN	NaN	-0.017	0.0	16.9953
EQU	0	04/09/09	01:54:51	01:54:54	-34.0781	16.2382	17.68	NaN	8417151.00	407.31	12176663.00	0.00	31.34	1014.51	1015.48	-0.33	2.32	108.80	11.00	-55.75	9.92	9.91	9.93	0.62	6.25	25.19	22.89	0.27	17.642	46.354	109.4	10.41	7.756	61.5	-38.583	NaN	NaN	NaN	-0.013	0.0	16.9935
EQU	0	04/09/09	01:56:04	01:56:08	-34.0786	16.2339	17.68	NaN	8378587.00	407.09	12109213.00	0.00	31.34	1014.53	1015.67	0.01	2.32	135.59	11.00	-55.76	9.92	9.91	9.93	0.62	6.25	25.12	22.89	0.32	17.645	46.354	109.4	10.41	7.756	61.6	-38.583	NaN	NaN	NaN	-0.016	0.0	16.9980
EQU	0	04/09/09	01:57:17	01:57:21	-34.0790	16.2299	17.68	NaN	8329672.00	405.99	12210156.00	0.00	31.35	1014.70	1015.75	-0.46	2.31	118.70	11.00	-55.76	9.92	9.91	9.93	0.62	6.25	25.12	22.99	0.32	17.643	46.354	109.4	10.41	7.756	61.8	-38.583	NaN	NaN	NaN	-0.013	0.0	16.9946
EQU	0	04/09/09	01:58:30	01:58:34	-34.0795	16.2259	17.68	NaN	8464525.00	409.14	11986015.00	0.00	31.36	1014.70	1015.94	-0.64	2.31	110.31	11.00	-55.76	9.92	9.91	9.93	0.62	6.25	25.19	22.89	0.28	17.643	46.355	109.4	10.41	7.756	62.0	-38.583	NaN	NaN	NaN	-0.014	0.0	16.9989
EQU	0	04/09/09	01:59:44	01:59:47	-34.0799	16.2218	17.68	NaN	8448333.00	409.07	12005972.00	0.00	31.36	1014.53	1015.73	0.35	2.29	139.75	11.00	-55.76	9.92	9.91	9.93	0.62	6.25	25.12	22.89	0.34	17.645	46.358	109.4	10.41	7.756	62.0	-38.583	NaN	NaN	NaN	-0.016	0.0	16.9932
EQU	0	04/09/09	02:00:57	02:01:01	-34.0802	16.2177	17.68	NaN	8384023.00	406.54	12146129.00	0.00	31.36	1014.50	1015.42	-0.45	2.31	117.70	11.00	-55.76	9.92	9.91	9.93	0.62	6.25	25.19	22.89	0.34	17.643	46.356	109.4	10.41	7.756	61.9	-38.583	NaN	NaN	NaN	-0.019	0.0	16.9980
EQU-DRAIN	0	04/09/09	02:02:10	02:02:14	-34.0808	16.2137	17.68	NaN	8498677.00	405.84	12007954.00	0.00	31.37	1014.40	1015.74	-0.59	2.31	113.13	11.00	-55.76	9.92	9.91	9.93	0.62	6.25	25.12	22.89	0.28	17.641	46.354	109.5	10.42	7.756	62.0	-38.583	NaN	NaN	NaN	-0.020	0.0	16.9951
EQU	0	04/09/09	02:03:46	02:03:49	-34.0814	16.2084	17.68	NaN	8504045.00	397.02	12107241.00	0.00	31.37	1014.47	1015.54	-0.26	2.31	119.71	11.00	-55.76	9.92	9.91	9.93	0.62	6.25	25.12	22.89	0.33	17.643	46.354	109.4	10.41	7.756	62.1	-38.583	NaN	NaN	NaN	-0.022	0.0	16.9876
EQU	0	04/09/09	02:04:59	02:05:02	-34.0818	16.2042	17.68	NaN	8461149.00	398.39	12113991.00	0.00	31.38	1014.41	1015.39	0.59	2.31	132.24	11.00	-55.76	9.92	9.91	9.93	0.62	6.25	25.19	22.89	0.30	17.639	46.352	109.5	10.42	7.756	62.2	-38.583	NaN	NaN	NaN	-0.023	0.0	16.9918
EQU	0	04/09/09	02:06:12	02:06:15	-34.0823	16.2002	17.68	NaN	8557438.00	403.55	12008261.00	0.00	31.38	1014.32	1015.60	0.22	2.30	110.57	11.00	-55.76	9.92	9.91	9.93	0.62	6.25	25.19	22.89	0.31	17.643	46.355	109.4	10.41	7.756	62.3	-38.583	NaN	NaN	NaN	-0.020	0.0	16.9857
EQU	0	04/09/09	02:07:25	02:07:29	-34.0828	16.1960	17.68	NaN	8391540.00	406.32	12148700.00	0.00	31.38	1014.41	1015.39	0.27	2.31	139.37	11.00	-55.76	9.92	9.91	9.93	0.62	6.25	25.12	22.89	0.33	17.640	46.351	109.4	10.41	7.756	62.4	-38.583	NaN	NaN	NaN	-0.017	0.0	16.9896
EQU	0	04/09/09	02:08:39	02:08:42	-34.0833	16.1919	17.68	NaN	8468627.00	406.82	12102752.00	0.00	31.39	1014.30	1015.62	-0.58	2.30	108.48	11.00	-55.75	9.92	9.91	9.93	0.62	6.25	25.12	22.89	0.36	17.638	46.349	109.4	10.41	7.756	62.5	-38.583	NaN	NaN	NaN	-0.022	0.0	16.9935
EQU	0	04/09/09	02:09:52	02:09:55	-34.0838	16.1878	17.68	NaN	8372758.00	407.34	12142283.00	0.00	31.39	1014.42	1015.41	-0.46	2.31	120.38	11.00	-55.75	9.92	9.91	9.93	0.62	6.25	25.19	22.89	0.33	17.642	46.356	109.4	10.41	7.756	62.7	-38.583	NaN	NaN	NaN	-0.018	0.0	16.9885
EQU	0	04/09/09	02:11:05	02:11:08	-34.0841	16.1838	17.68	NaN	8484763.00	407.61	11987424.00	0.00	31.39	1014.39	1015.49	0.37	2.30	123.30	11.00	-55.75	9.92	9.91	9.93	0.62	6.25	25.19	22.89	0.34	17.637	46.348	109.4	10.41	7.756	62.9	-38.583	NaN	NaN	NaN	-0.013	0.0	16.9874
EQU	0	04/09/09	02:12:18	02:12:22	-34.0847	16.1796	17.67	NaN	8453307.00	408.77	12077141.00	0.00	31.40	1014.43	1015.56	0.81	2.29	126.91	11.00	-55.74	9.92	9.91	9.93	0.62	6.25	25.19	22.89	0.32	17.637	46.350	109.4	10.41	7.756	63.0	-38.583	NaN	NaN	NaN	-0.014	0.0	16.9814
EQU	0	04/09/09	02:13:31	02:13:35	-34.0853	16.1754	17.68	NaN	8522355.00	406.42	11977396.00	0.00	31.40	1014.30	1015.56	0.71	2.31	131.73	11.00	-55.73	9.92	9.91	9.93	0.62	6.25	25.19	22.89	0.31	17.636	46.347	109.4	10.41	7.756	62.9	-38.583	NaN	NaN	NaN	-0.013	0.0	16.9754
EQU	0	04/09/09	02:14:45	02:14:48	-34.0858	16.1713	17.67	NaN	8440171.00	407.74	12161213.00	0.00	31.40	1014.37	1015.28	0.61	2.29	137.66	11.00	-55.73	9.92	9.91	9.93	0.62	6.25	25.12	22.89	0.29	17.627	46.339	109.4	10.41	7.756	62.8	-38.583	NaN	NaN	NaN	-0.017	0.0	16.9724
EQU	0	04/09/09	02:15:58	02:16:01	-34.0862	16.1671	17.66	NaN	8438591.00	409.40	12134174.00	0.00	31.40	1014.28	1015.49	0.33	2.31	119.37	11.00	-55.74	9.92	9.91	9.93	0.62	6.25	25.12	22.89	0.34	17.624	46.335	109.5	10.42	7.756	62.8	-38.583	NaN	NaN	NaN	-0.012	0.0	16.9610
EQU	0	04/09/09	02:17:11	02:17:15	-34.0867	16.1629	17.66	NaN	8454809.00	407.30	12092767.00	0.00	31.41	1014.35	1015.49	0.37	2.32	138.70	11.00	-55.74	9.92	9.91	9.93	0.62	6.25	25.12	22.89	0.32	17.620	46.328	109.5	10.43	7.757	62.8	-38.583	NaN	NaN	NaN	-0.013	0.0	16.9623
EQU	0	04/09/09	02:18:24	02:18:28	-34.0872	16.1588	17.66	NaN	8431932.00	406.97	12181279.00	0.00	31.41	1014.34	1015.31	-0.18	2.30	109.87	11.00	-55.74	9.92	9.91	9.93	0.62	6.25	25.12	22.89	0.28	17.607	46.316	109.5	10.43	7.757	62.7	-38.583	NaN	NaN	NaN	-0.010	0.0	16.9536
EQU	0	04/09/09	02:19:38	02:19:41	-34.0876	16.1547	17.65	NaN	8540483.00	405.34	11969570.00	0.00	31.41	1014.28	1015.64	0.44	2.30	117.64	11.00	-55.74	9.92	9.91	9.93	0.62	6.25	25.12	22.89	0.32	17.611	46.320	109.6	10.44	7.757	62.6	-38.583	NaN	NaN	NaN	-0.008	0.0	16.9445
EQU	0	04/09/09	02:20:51	02:20:54	-34.0882	16.1506	17.64	NaN	8421669.00	405.79	11973062.00	0.00	31.41	1014.34	1015.56	0.44	2.29	125.93	11.00	-55.73	9.92	9.91	9.93	0.62	6.25	25.19	22.89	0.23	17.601	46.307	109.7	10.44	7.757	62.5	-38.583	NaN	NaN	NaN	-0.009	0.0	16.9460
EQU-DRAIN	0	04/09/09	02:22:04	02:22:08	-34.0887	16.1464	17.64	NaN	8420112.00	407.75	12207017.00	0.00	31.41	1014.25	1015.23	0.74	2.30	133.25	11.00	-55.73	9.92	9.91	9.93	0.62	6.25	25.19	22.89	0.30	17.593	46.301	109.6	10.44	7.758	62.6	-38.583	NaN	NaN	NaN	-0.004	0.0	16.9173
EQU	0	04/09/09	02:23:39	02:23:43	-34.0894	16.1409	17.62	NaN	8413629.00	401.16	12125903.00	0.00	31.41	1014.19	1015.10	0.69	2.33	134.05	11.00	-55.73	9.92	9.91	9.93	0.62	6.25	25.19	22.89	0.30	17.578	46.279	109.7	10.46	7.758	62.5	-38.583	NaN	NaN	NaN	0.007	0.0	16.8939
EQU	0	04/09/09	02:24:52	02:24:56	-34.0897	16.1367	17.60	NaN	8485370.00	397.33	12059521.00	0.00	31.41	1014.23	1015.57	-0.55	2.30	116.58	11.00	-55.73	9.92	9.91	9.93	0.62	6.25	25.12	22.89	0.30	17.559	46.255	109.8	10.47	7.759	62.5	-38.583	NaN	NaN	NaN	0.010	0.0	16.8825
EQU	0	04/09/09	02:26:06	02:26:09	-34.0900	16.1325	17.59	NaN	8437654.00	402.57	12175242.00	0.00	31.41	1014.28	1015.30	0.33	2.29	114.36	11.00	-55.73	9.92	9.91	9.93	0.62	6.25	25.12	22.89	0.26	17.548	46.245	109.9	10.48	7.759	62.5	-38.583	NaN	NaN	NaN	0.015	0.0	16.8651
EQU	0	04/09/09	02:27:19	02:27:23	-34.0905	16.1283	17.58	NaN	8552111.00	405.55	12051539.00	0.00	31.42	1014.02	1015.32	-0.22	2.29	109.68	11.00	-55.73	9.92	9.91	9.93	0.62	6.25	25.12	22.89	0.38	17.539	46.233	110.0	10.49	7.760	62.4	-38.583	NaN	NaN	NaN	0.021	0.0	16.8573
EQU	0	04/09/09	02:28:32	02:28:36	-34.0908	16.1241	17.57	NaN	8480573.00	404.07	12074728.00	0.00	31.42	1014.03	1015.30	0.46	2.30	140.50	11.00	-55.73	9.92	9.91	9.93	0.62	6.25	25.12	22.89	0.32	17.523	46.212	110.1	10.51	7.760	62.4	-38.583	NaN	NaN	NaN	0.026	0.0	16.8543
EQU	0	04/09/09	02:29:45	02:29:49	-34.0911	16.1200	17.56	NaN	8452527.00	405.50	12024964.00	0.00	31.42	1013.96	1014.95	-0.05	2.30	125.16	11.00	-55.73	9.92	9.91	9.93	0.62	6.25	25.12	22.89	0.31	17.518	46.209	110.2	10.51	7.760	62.3	-38.583	NaN	NaN	NaN	0.028	0.0	16.8405
EQU	0	04/09/09	02:30:59	02:31:03	-34.0915	16.1159	17.55	NaN	8506646.00	402.96	11971049.00	0.00	31.42	1014.09	1015.34	0.76	2.27	123.92	11.00	-55.76	9.92	9.91	9.93	0.62	6.25	25.12	22.89	0.33	17.508	46.197	110.3	10.52	7.760	62.3	-38.583	NaN	NaN	NaN	0.027	0.0	16.8388
EQU	0	04/09/09	02:32:12	02:32:16	-34.0920	16.1118	17.54	NaN	8519873.00	401.69	12026040.00	0.00	31.42	1014.11	1015.31	0.28	2.30	135.07	11.00	-55.77	9.92	9.91	9.93	0.62	6.25	25.12	22.89	0.27	17.496	46.185	110.3	10.53	7.760	62.0	-38.583	NaN	NaN	NaN	0.024	0.0	16.8361
EQU	0	04/09/09	02:33:25	02:33:29	-34.0923	16.1077	17.54	NaN	8442396.00	401.09	12040276.00	0.00	31.43	1014.31	1015.42	-0.62	2.30	108.61	11.00	-55.77	9.92	9.91	9.93	0.62	6.25	25.12	22.89	0.30	17.498	46.187	110.3	10.53	7.760	62.2	-38.583	NaN	NaN	NaN	0.022	0.0	16.8274
EQU	0	04/09/09	02:34:39	02:34:42	-34.0926	16.1034	17.53	NaN	8418461.00	403.77	12226167.00	0.00	31.43	1014.21	1014.97	-0.37	2.31	109.68	11.00	-55.77	9.92	9.91	9.93	0.62	6.25	25.12	22.89	0.32	17.486	46.175	110.4	10.54	7.760	62.3	-38.583	NaN	NaN	NaN	0.020	0.0	16.8329
EQU	128	04/09/09	02:35:52	02:35:55	-34.0930	16.0992	17.52	NaN	8412577.00	403.73	12099493.00	0.00	31.43	1014.18	1015.27	-0.09	2.32	127.61	11.00	-55.75	9.92	9.91	9.93	0.62	6.25	25.12	22.89	0.31	17.485	46.175	110.4	10.54	7.760	62.5	-38.583	NaN	NaN	NaN	0.019	0.0	16.8327
EQU	0	04/09/09	02:37:05	02:37:09	-34.0934	16.0950	17.53	NaN	8382060.00	403.57	12265960.00	0.00	31.43	1014.04	1014.80	-0.46	2.31	123.85	11.00	-55.73	9.92	9.91	9.93	0.62	6.25	25.12	22.89	0.31	17.491	46.181	110.4	10.54	7.759	62.7	-38.583	NaN	NaN	NaN	0.021	0.0	16.8239
EQU	0	04/09/09	02:38:18	02:38:22	-34.0938	16.0909	17.53	NaN	8382527.00	405.44	12173925.00	0.00	31.43	1014.23	1015.32	0.67	2.30	123.85	11.00	-55.73	9.92	9.91	9.93	0.62	6.25	25.12	22.89	0.30	17.487	46.174	110.4	10.54	7.760	63.0	-38.583	NaN	NaN	NaN	0.018	0.0	16.8294
EQU	0	04/09/09	02:39:32	02:39:35	-34.0942	16.0867	17.52	NaN	8510493.00	406.17	12131164.00	0.00	31.43	1014.19	1015.21	0.56	2.31	137.73	11.00	-55.73	9.92	9.91	9.93	0.62	6.25	25.12	22.89	0.31	17.483	46.170	110.5	10.55	7.759	63.0	-38.583	NaN	NaN	NaN	0.015	0.0	16.8245
EQU	0	04/09/09	02:40:45	02:40:48	-34.0947	16.0825	17.53	NaN	8374202.00	405.64	12159970.00	0.00	31.43	1014.11	1014.92	0.69	2.30	129.16	11.00	-55.73	9.92	9.91	9.93	0.62	6.25	25.12	22.89	0.32	17.487	46.176	110.5	10.55	7.759	62.9	-38.583	NaN	NaN	NaN	0.018	0.0	16.8332
EQU-DRAIN	0	04/09/09	02:41:58	02:42:02	-34.0951	16.0781	17.53	NaN	8565955.00	403.76	11889322.00	0.00	31.43	1014.17	1015.53	-0.01	2.31	122.35	11.00	-55.73	9.92	9.91	9.93	0.62	6.25	25.12	22.89	0.31	17.483	46.171	110.5	10.55	7.759	63.0	-38.583	NaN	NaN	NaN	0.016	0.0	16.8368
EQU	0	04/09/09	02:43:33	02:43:37	-34.0956	16.0725	17.53	NaN	8492048.00	397.23	12040841.00	0.00	31.43	1014.21	1015.50	0.77	2.30	139.37	11.00	-55.74	9.92	9.91	9.93	0.62	6.25	25.12	22.89	0.35	17.492	46.183	110.4	10.54	7.759	63.1	-38.583	NaN	NaN	NaN	0.014	0.0	16.8346
EQU	0	04/09/09	02:44:46	02:44:50	-34.0959	16.0683	17.53	NaN	8638927.00	396.72	11864257.00	0.00	31.43	1014.15	1015.57	-0.44	2.29	119.91	11.00	-55.74	9.92	9.91	9.93	0.62	6.25	25.12	22.89	0.28	17.489	46.180	110.5	10.55	7.759	62.9	-38.583	NaN	NaN	NaN	0.014	0.0	16.8408
EQU	0	04/09/09	02:46:00	02:46:03	-34.0964	16.0641	17.53	NaN	8335892.00	399.01	12220747.00	0.00	31.44	1014.34	1015.19	-0.48	2.31	116.25	11.00	-55.74	9.92	9.91	9.93	0.62	6.25	25.06	22.89	0.25	17.488	46.180	110.5	10.55	7.759	62.9	-38.583	NaN	NaN	NaN	0.014	0.0	16.8408
EQU	0	04/09/09	02:47:13	02:47:17	-34.0968	16.0599	17.53	NaN	8385106.00	404.21	12388262.00	0.00	31.44	1014.06	1014.74	0.79	2.28	127.82	11.00	-55.75	9.92	9.91	9.93	0.62	6.25	25.12	22.79	0.31	17.495	46.188	110.5	10.54	7.759	63.0	-38.583	NaN	NaN	NaN	0.017	0.0	16.8422
EQU	0	04/09/09	02:48:26	02:48:30	-34.0971	16.0558	17.53	NaN	8570791.00	405.24	11810863.00	0.00	31.44	1014.20	1015.73	0.72	2.33	141.41	11.00	-55.75	9.92	9.91	9.93	0.62	6.25	25.12	22.79	0.30	17.496	46.192	110.5	10.55	7.759	63.0	-38.583	NaN	NaN	NaN	0.019	0.0	16.8816
EQU	0	04/09/09	02:49:40	02:49:44	-34.0974	16.0516	17.54	NaN	8388054.00	403.85	12191692.00	0.00	31.44	1014.21	1015.19	-0.65	2.31	112.61	11.00	-55.74	9.92	9.91	9.93	0.62	6.25	25.12	22.79	0.37	17.501	46.204	110.6	10.55	7.759	62.9	-38.583	NaN	NaN	NaN	0.018	0.0	16.9093
EQU	0	04/09/09	02:50:53	02:50:57	-34.0977	16.0475	17.57	NaN	8476454.00	405.89	12104564.00	0.00	31.44	1014.08	1015.07	0.65	2.35	124.47	11.00	-55.75	9.92	9.91	9.93	0.62	6.25	25.12	22.79	0.30	17.547	46.251	110.5	10.53	7.757	62.9	-38.583	NaN	NaN	NaN	0.020	0.0	16.9057
EQU	0	04/09/09	02:52:06	02:52:10	-34.0980	16.0433	17.59	NaN	8408421.00	404.80	12107428.00	0.00	31.44	1014.26	1015.40	-0.34	2.32	126.91	11.00	-55.75	9.92	9.91	9.93	0.62	6.25	25.12	22.79	0.29	17.558	46.259	110.5	10.53	7.757	62.8	-38.583	NaN	NaN	NaN	0.015	0.0	16.8980
EQU	0	04/09/09	02:53:20	02:53:23	-34.0983	16.0389	17.59	NaN	8475563.00	404.64	12205912.00	0.00	31.44	1014.17	1015.16	-0.07	2.33	113.25	11.00	-55.74	9.92	9.91	9.93	0.62	6.25	25.12	22.79	0.36	17.552	46.250	110.4	10.53	7.758	62.9	-38.583	NaN	NaN	NaN	0.007	0.0	16.8967
EQU	0	04/09/09	02:54:33	02:54:37	-34.0985	16.0347	17.59	NaN	8572524.00	404.47	11872482.00	0.00	31.45	1014.27	1015.67	-0.37	2.32	115.86	11.00	-55.74	9.92	9.91	9.93	0.62	6.25	25.06	22.79	0.35	17.550	46.245	110.5	10.53	7.757	63.0	-38.583	NaN	NaN	NaN	-0.003	0.0	16.8969
EQU	0	04/09/09	02:55:46	02:55:50	-34.0989	16.0304	17.59	NaN	8432020.00	405.20	12050677.00	0.00	31.45	1014.24	1015.41	0.78	2.31	132.31	11.00	-55.74	9.92	9.91	9.93	0.62	6.25	25.06	22.79	0.25	17.547	46.243	110.4	10.53	7.758	62.8	-38.583	NaN	NaN	NaN	0.000	0.0	16.9044
EQU	0	04/09/09	02:56:59	02:57:03	-34.0991	16.0262	17.59	NaN	8305200.00	404.85	12298456.00	0.00	31.44	1014.21	1014.98	0.50	2.33	132.67	11.00	-55.73	9.92	9.91	9.93	0.62	6.25	25.06	22.79	0.26	17.552	46.248	110.3	10.52	7.757	62.7	-38.583	NaN	NaN	NaN	0.005	0.0	16.8937
EQU	0	04/09/09	02:58:13	02:58:16	-34.0995	16.0219	17.59	NaN	8441841.00	405.59	12015142.00	0.00	31.45	1014.11	1015.25	0.64	2.30	123.17	11.00	-55.73	9.92	9.91	9.93	0.62	6.25	25.06	22.79	0.30	17.549	46.248	110.3	10.52	7.757	62.7	-38.583	NaN	NaN	NaN	0.004	0.0	16.9059
EQU	0	04/09/09	02:59:26	02:59:30	-34.0999	16.0175	17.58	NaN	8510611.00	406.47	12023838.00	0.00	31.44	1014.01	1015.23	0.68	2.32	125.16	11.00	-55.74	9.92	9.91	9.93	0.62	6.25	25.06	22.79	0.34	17.549	46.249	110.3	10.52	7.757	62.7	-38.583	NaN	NaN	NaN	0.007	0.0	16.8990
EQU	0	04/09/09	03:00:39	03:00:43	-34.1001	16.0132	17.59	NaN	8465126.00	406.06	12007051.00	0.00	31.44	1014.10	1015.38	-0.01	2.33	121.26	11.00	-55.74	9.92	9.90	9.93	0.62	6.25	25.06	22.79	0.28	17.558	46.259	110.3	10.51	7.757	62.8	-38.583	NaN	NaN	NaN	0.003	0.0	16.9015
EQU-DRAIN	0	04/09/09	03:01:52	03:01:56	-34.1005	16.0089	17.59	NaN	8430901.00	407.17	12106695.00	0.00	31.44	1013.95	1014.87	0.48	2.32	123.44	11.00	-55.74	9.92	9.90	9.93	0.62	6.25	25.06	22.79	0.30	17.553	46.253	110.2	10.51	7.757	62.9	-38.583	NaN	NaN	NaN	0.002	0.0	16.9020
EQU	0	04/09/09	03:03:28	03:03:32	-34.1011	16.0032	17.59	NaN	8476475.00	397.36	12142786.00	0.00	31.44	1014.19	1015.21	0.63	2.32	116.25	11.00	-55.74	9.92	9.91	9.93	0.62	6.25	25.12	22.79	0.29	17.554	46.255	110.2	10.50	7.756	63.0	-38.583	NaN	NaN	NaN	0.006	0.0	16.9061
EQU	0	04/09/09	03:04:41	03:04:45	-34.1014	15.9988	17.59	NaN	8379974.00	396.95	12306287.00	0.00	31.44	1014.14	1015.02	0.04	2.30	128.10	11.00	-55.74	9.92	9.90	9.93	0.62	6.25	25.12	22.79	0.31	17.557	46.258	110.2	10.50	7.756	63.0	-38.583	NaN	NaN	NaN	0.007	0.0	16.9027
EQU	0	04/09/09	03:05:54	03:05:58	-34.1016	15.9944	17.60	NaN	8523946.00	402.96	11979033.00	0.00	31.44	1014.09	1015.35	-0.49	2.33	109.43	11.00	-55.73	9.92	9.91	9.93	0.62	6.25	25.12	22.79	0.34	17.557	46.258	110.1	10.50	7.756	63.1	-38.583	NaN	NaN	NaN	0.006	0.0	16.9086
EQU	0	04/09/09	03:07:07	03:07:11	-34.1019	15.9900	17.60	NaN	8544825.00	404.15	11991652.00	0.00	31.44	1014.15	1015.48	0.77	2.33	142.40	11.00	-55.74	9.92	9.91	9.93	0.62	6.25	25.12	22.89	0.33	17.561	46.262	110.1	10.50	7.756	63.1	-38.583	NaN	NaN	NaN	0.007	0.0	16.9069
EQU	0	04/09/09	03:08:21	03:08:25	-34.1023	15.9856	17.60	NaN	8444232.00	405.54	11965233.00	0.00	31.44	1014.25	1015.69	-0.35	2.32	117.17	11.00	-55.74	9.92	9.91	9.93	0.62	6.25	25.12	22.79	0.32	17.564	46.267	110.1	10.49	7.755	63.4	-38.583	NaN	NaN	NaN	0.003	0.0	16.9091
EQU	0	04/09/09	03:09:34	03:09:38	-34.1027	15.9814	17.60	NaN	8494940.00	408.07	11973157.00	0.00	31.44	1014.13	1015.48	0.65	2.33	137.80	11.00	-55.74	9.92	9.91	9.93	0.62	6.25	25.06	22.79	0.36	17.562	46.263	110.0	10.49	7.755	63.5	-38.583	NaN	NaN	NaN	0.002	0.0	16.9152
EQU	0	04/09/09	03:10:48	03:10:52	-34.1032	15.9771	17.60	NaN	8442801.00	408.23	12034445.00	0.00	31.44	1014.06	1015.20	-0.56	2.31	109.62	11.00	-55.74	9.92	9.91	9.93	0.62	6.25	25.12	22.89	0.34	17.566	46.267	109.9	10.48	7.755	63.5	-38.583	NaN	NaN	NaN	-0.000	0.0	16.9117
EQU	0	04/09/09	03:12:01	03:12:05	-34.1037	15.9728	17.61	NaN	8454871.00	408.14	12021805.00	0.00	31.44	1014.20	1015.48	-0.54	2.32	118.17	11.00	-55.74	9.92	9.91	9.93	0.62	6.25	25.12	22.89	0.32	17.565	46.263	109.9	10.47	7.754	63.6	-38.583	NaN	NaN	NaN	-0.004	0.0	16.9091
EQU	0	04/09/09	03:13:15	03:13:18	-34.1042	15.9685	17.60	NaN	8547614.00	408.25	12053285.00	0.00	31.44	1014.08	1015.23	-0.68	2.32	110.12	11.00	-55.73	9.92	9.91	9.93	0.62	6.25	25.12	22.89	0.26	17.567	46.267	109.9	10.47	7.754	63.6	-38.583	NaN	NaN	NaN	-0.002	0.0	16.9187
EQU	0	04/09/09	03:14:28	03:14:31	-34.1047	15.9643	17.61	NaN	8444548.00	409.14	12248077.00	0.00	31.44	1014.03	1014.85	-0.12	2.28	109.81	11.00	-55.73	9.92	9.91	9.93	0.62	6.25	25.12	22.89	0.34	17.571	46.270	109.7	10.46	7.755	63.5	-38.583	NaN	NaN	NaN	-0.002	0.0	16.9097
EQU	0	04/09/09	03:15:41	03:15:45	-34.1050	15.9599	17.61	NaN	8465023.00	409.55	12118596.00	0.00	31.44	1014.18	1015.35	0.72	2.30	137.80	11.00	-55.74	9.92	9.91	9.93	0.62	6.25	25.12	22.89	0.34	17.573	46.272	109.7	10.46	7.755	63.4	-38.583	NaN	NaN	NaN	-0.004	0.0	16.9084
EQU	0	04/09/09	03:16:54	03:16:58	-34.1054	15.9555	17.61	NaN	8334132.00	410.74	12333168.00	0.00	31.44	1014.03	1014.69	0.45	2.30	115.92	11.00	-55.74	9.92	9.91	9.93	0.62	6.25	25.12	22.89	0.31	17.568	46.268	109.7	10.45	7.755	63.2	-38.583	NaN	NaN	NaN	-0.004	0.0	16.9149
EQU	0	04/09/09	03:18:07	03:18:11	-34.1059	15.9511	17.61	NaN	8392210.00	408.42	12119750.00	0.00	31.44	1014.09	1015.19	0.34	2.31	125.65	11.00	-55.74	9.92	9.91	9.93	0.62	6.25	25.12	22.89	0.34	17.573	46.274	109.7	10.45	7.755	63.3	-38.583	NaN	NaN	NaN	-0.006	0.0	16.9071
EQU	0	04/09/09	03:19:21	03:19:24	-34.1062	15.9467	17.61	NaN	8546018.00	407.31	12218423.00	0.00	31.44	1013.99	1015.05	0.26	2.30	128.17	11.00	-55.74	9.92	9.91	9.93	0.62	6.25	25.06	22.89	0.30	17.572	46.273	109.6	10.45	7.755	63.3	-38.583	NaN	NaN	NaN	-0.006	0.0	16.9113
EQU	0	04/09/09	03:20:34	03:20:38	-34.1066	15.9425	17.61	NaN	8617533.00	408.46	11969381.00	0.00	31.44	1013.96	1015.30	0.63	2.29	136.91	11.00	-55.74	9.92	9.91	9.93	0.62	6.25	25.06	22.89	0.31	17.566	46.268	109.7	10.46	7.755	63.2	-38.583	NaN	NaN	NaN	-0.005	0.0	16.9189
EQU	0	04/09/09	03:21:47	03:21:51	-34.1070	15.9383	17.61	NaN	8385290.00	407.41	12216633.00	0.00	31.44	1013.98	1014.78	-0.60	2.32	113.45	11.00	-55.74	9.92	9.91	9.93	0.62	6.25	25.06	22.89	0.35	17.572	46.272	109.6	10.45	7.755	63.1	-38.583	NaN	NaN	NaN	-0.006	0.0	16.9086
EQU-DRAIN	0	04/09/09	03:23:00	03:23:04	-34.1075	15.9340	17.61	NaN	8433347.00	406.35	12200029.00	0.00	31.44	1014.15	1014.90	0.56	2.30	117.57	11.00	-55.73	9.92	9.91	9.93	0.62	6.25	25.12	22.89	0.32	17.571	46.272	109.6	10.45	7.755	63.0	-38.583	NaN	NaN	NaN	-0.006	0.0	16.9155
EQU	0	04/09/09	03:24:35	03:24:39	-34.1081	15.9284	17.61	NaN	8479057.00	397.31	12113979.00	0.00	31.44	1014.08	1014.96	0.86	2.32	121.26	11.00	-55.74	9.92	9.91	9.93	0.62	6.25	25.12	22.89	0.27	17.572	46.274	109.6	10.44	7.755	63.1	-38.583	NaN	NaN	NaN	-0.007	0.0	16.9165
EQU	0	04/09/09	03:25:49	03:25:53	-34.1084	15.9241	17.61	NaN	8524318.00	399.92	12062150.00	0.00	31.44	1014.02	1015.20	0.36	2.29	119.24	11.00	-55.73	9.92	9.91	9.93	0.62	6.25	25.12	22.89	0.38	17.577	46.278	109.6	10.44	7.755	63.2	-38.583	NaN	NaN	NaN	-0.008	0.0	16.9158
EQU	0	04/09/09	03:27:02	03:27:06	-34.1088	15.9198	17.61	NaN	8434503.00	402.65	12163276.00	0.00	31.44	1014.13	1015.07	-0.55	2.32	110.63	11.00	-55.74	9.92	9.91	9.93	0.62	6.25	25.12	22.89	0.32	17.575	46.276	109.6	10.44	7.755	63.2	-38.583	NaN	NaN	NaN	-0.006	0.0	16.9155
EQU	0	04/09/09	03:28:15	03:28:19	-34.1093	15.9155	17.61	NaN	8511970.00	404.20	12141513.00	0.00	31.44	1013.93	1015.00	0.72	2.31	135.07	11.00	-55.74	9.92	9.91	9.93	0.62	6.25	25.06	22.89	0.34	17.575	46.277	109.6	10.44	7.755	63.1	-38.583	NaN	NaN	NaN	-0.009	0.0	16.9085
EQU	0	04/09/09	03:29:28	03:29:32	-34.1097	15.9112	17.62	NaN	8484924.00	404.09	11984285.00	0.00	31.44	1014.05	1015.39	0.65	2.30	141.26	11.00	-55.74	9.92	9.91	9.93	0.62	6.25	25.12	22.99	0.33	17.577	46.279	109.6	10.44	7.755	63.2	-38.583	NaN	NaN	NaN	-0.015	0.0	16.9123
EQU	0	04/09/09	03:30:42	03:30:46	-34.1101	15.9068	17.61	NaN	8412349.00	406.46	12167307.00	0.00	31.44	1014.28	1015.37	0.76	2.30	133.11	11.00	-55.74	9.92	9.91	9.93	0.62	6.25	25.12	22.99	0.32	17.570	46.272	109.5	10.44	7.755	63.2	-38.583	NaN	NaN	NaN	-0.011	0.0	16.9166
EQU	0	04/09/09	03:31:55	03:31:59	-34.1105	15.9025	17.61	NaN	8370836.00	407.45	12153830.00	0.00	31.44	1014.30	1015.15	0.52	2.34	139.82	11.00	-55.74	9.92	9.91	9.93	0.62	6.25	25.12	22.99	0.34	17.574	46.277	109.5	10.44	7.755	63.2	-38.583	NaN	NaN	NaN	-0.014	0.0	16.9139
EQU	0	04/09/09	03:33:08	03:33:12	-34.1109	15.8982	17.61	NaN	8422276.00	407.25	12158717.00	0.00	31.44	1014.32	1015.41	-0.70	2.31	111.52	11.00	-55.74	9.92	9.91	9.93	0.62	6.25	25.12	22.99	0.27	17.574	46.276	109.5	10.43	7.756	63.2	-38.583	NaN	NaN	NaN	-0.014	0.0	16.9250
EQU	0	04/09/09	03:34:21	03:34:25	-34.1113	15.8939	17.61	NaN	8545018.00	407.18	12041288.00	0.00	31.43	1014.18	1015.46	0.29	2.31	140.58	11.00	-55.74	9.92	9.91	9.93	0.62	6.25	25.12	22.99	0.31	17.576	46.279	109.5	10.43	7.755	63.2	-38.583	NaN	NaN	NaN	-0.016	0.0	16.9156
EQU	0	04/09/09	03:35:35	03:35:39	-34.1117	15.8895	17.62	NaN	8424974.00	405.50	12036114.00	0.00	31.44	1014.28	1015.56	0.54	2.30	137.95	11.00	-55.74	9.92	9.91	9.93	0.62	6.19	25.12	22.99	0.31	17.584	46.285	109.5	10.44	7.755	63.2	-38.583	NaN	NaN	NaN	-0.019	0.0	16.9202
EQU	0	04/09/09	03:36:48	03:36:52	-34.1121	15.8853	17.61	NaN	8484476.00	406.59	12085415.00	0.00	31.44	1014.21	1015.23	0.17	2.31	121.60	11.00	-55.73	9.92	9.91	9.93	0.62	6.19	25.12	22.99	0.35	17.575	46.278	109.5	10.43	7.756	63.2	-38.583	NaN	NaN	NaN	-0.016	0.0	16.9132
EQU	0	04/09/09	03:38:01	03:38:05	-34.1124	15.8810	17.62	NaN	8555227.00	408.38	11949567.00	0.00	31.44	1014.16	1015.45	-0.19	2.32	130.66	11.00	-55.74	9.92	9.91	9.93	0.62	6.25	25.12	22.99	0.36	17.581	46.285	109.5	10.43	7.755	63.3	-38.583	NaN	NaN	NaN	-0.017	0.0	16.9197
EQU	0	04/09/09	03:39:14	03:39:18	-34.1129	15.8767	17.62	NaN	8504432.00	408.47	12072280.00	0.00	31.44	1014.09	1015.41	0.58	2.31	136.91	11.00	-55.74	9.92	9.91	9.93	0.62	6.25	25.12	22.99	0.33	17.579	46.281	109.5	10.43	7.755	63.4	-38.583	NaN	NaN	NaN	-0.020	0.0	16.9297
EQU	0	04/09/09	03:40:28	03:40:32	-34.1133	15.8724	17.62	NaN	8409156.00	409.91	12105981.00	0.00	31.44	1014.14	1014.99	0.34	2.35	141.33	11.00	-55.75	9.92	9.91	9.93	0.62	6.25	25.12	22.99	0.35	17.579	46.281	109.5	10.43	7.756	63.5	-38.583	NaN	NaN	NaN	-0.021	0.0	16.9219
EQU	0	04/09/09	03:41:41	03:41:45	-34.1137	15.8682	17.62	NaN	8539265.00	408.56	11850688.00	0.00	31.44	1014.04	1015.42	0.28	2.31	139.75	11.00	-55.76	9.92	9.91	9.93	0.62	6.19	25.12	22.99	0.28	17.587	46.291	109.5	10.43	7.756	63.4	-38.583	NaN	NaN	NaN	-0.014	0.0	16.9277
EQU-DRAIN	0	04/09/09	03:42:54	03:42:58	-34.1140	15.8639	17.62	NaN	8485930.00	407.27	12001728.00	0.00	31.44	1014.05	1015.25	-0.70	2.31	112.80	11.00	-55.77	9.92	9.91	9.93	0.62	6.25	25.12	22.99	0.30	17.583	46.285	109.5	10.43	7.756	63.2	-38.583	NaN	NaN	NaN	-0.014	0.0	16.9247
EQU	0	04/09/09	03:44:29	03:44:33	-34.1145	15.8583	17.63	NaN	8496833.00	399.18	11945734.00	0.00	31.44	1014.15	1015.47	0.84	2.31	139.52	11.00	-55.78	9.92	9.91	9.93	0.62	6.25	25.12	22.99	0.31	17.590	46.293	109.4	10.42	7.756	63.2	-38.583	NaN	NaN	NaN	-0.017	0.0	16.9320
EQU	0	04/09/09	03:45:42	03:45:46	-34.1150	15.8539	17.63	NaN	8433756.00	400.60	12092712.00	0.00	31.44	1014.10	1015.11	-0.54	2.32	114.49	11.00	-55.78	9.92	9.91	9.93	0.62	6.25	25.12	22.99	0.33	17.587	46.289	109.4	10.42	7.756	63.3	-38.583	NaN	NaN	NaN	-0.020	0.0	16.9250
EQU	0	04/09/09	03:46:56	03:47:00	-34.1154	15.8495	17.62	NaN	8473369.00	404.05	12150586.00	0.00	31.44	1013.96	1014.98	-0.06	2.31	122.48	11.00	-55.77	9.92	9.91	9.93	0.62	6.25	25.12	22.99	0.32	17.588	46.291	109.4	10.42	7.756	63.3	-38.583	NaN	NaN	NaN	-0.016	0.0	16.9247
EQU	0	04/09/09	03:48:09	03:48:13	-34.1157	15.8451	17.63	NaN	8465513.00	405.12	12071787.00	0.00	31.44	1013.85	1014.83	0.69	2.31	135.37	11.00	-55.76	9.92	9.91	9.93	0.62	6.19	25.19	22.99	0.25	17.589	46.291	109.4	10.42	7.756	63.4	-38.583	NaN	NaN	NaN	-0.019	0.0	16.9308
EQU	0	04/09/09	03:49:22	03:49:26	-34.1162	15.8408	17.62	NaN	8390300.00	407.34	12133577.00	0.00	31.44	1014.05	1015.03	-0.23	2.32	112.22	11.00	-55.75	9.92	9.91	9.93	0.62	6.19	25.12	22.99	0.31	17.587	46.289	109.4	10.42	7.756	63.5	-38.583	NaN	NaN	NaN	-0.019	0.0	16.9269
EQU	0	04/09/09	03:50:36	03:50:40	-34.1167	15.8364	17.63	NaN	8414977.00	408.52	12259838.00	0.00	31.44	1013.83	1014.46	-0.55	2.32	110.82	11.00	-55.74	9.92	9.91	9.93	0.62	6.25	25.12	22.99	0.32	17.591	46.293	109.4	10.42	7.756	63.7	-38.583	NaN	NaN	NaN	-0.018	0.0	16.9308
EQU	0	04/09/09	03:51:49	03:51:53	-34.1170	15.8324	17.62	NaN	8297231.00	408.01	12242182.00	0.00	31.44	1013.89	1014.34	-0.61	2.31	112.93	11.00	-55.74	9.92	9.91	9.93	0.62	6.25	25.12	22.99	0.34	17.587	46.289	109.4	10.42	7.756	63.7	-38.583	NaN	NaN	NaN	-0.024	0.0	16.9239
EQU	0	04/09/09	03:53:02	03:53:06	-34.1174	15.8283	17.63	NaN	8518353.00	407.44	11931739.00	0.00	31.44	1013.82	1015.08	0.78	2.32	143.16	11.00	-55.74	9.92	9.91	9.93	0.62	6.19	25.12	22.99	0.33	17.591	46.295	109.4	10.42	7.755	63.7	-38.583	NaN	NaN	NaN	-0.018	0.0	16.9252
EQU	0	04/09/09	03:54:15	03:54:19	-34.1177	15.8242	17.63	NaN	8404905.00	406.39	12141485.00	0.00	31.44	1014.12	1015.07	0.58	2.31	119.44	11.00	-55.74	9.92	9.91	9.93	0.62	6.25	25.12	23.09	0.28	17.588	46.290	109.4	10.42	7.756	63.5	-38.583	NaN	NaN	NaN	-0.018	0.0	16.9345
EQU	0	04/09/09	03:55:28	03:55:32	-34.1181	15.8199	17.63	NaN	8374346.00	406.42	12164502.00	0.00	31.44	1014.01	1014.88	0.21	2.32	134.20	11.00	-55.73	9.92	9.91	9.93	0.62	6.25	25.12	23.09	0.28	17.588	46.291	109.4	10.42	7.756	63.4	-38.583	NaN	NaN	NaN	-0.016	0.0	16.9264
EQU	0	04/09/09	03:56:42	03:56:46	-34.1186	15.8155	17.63	NaN	8423424.00	406.87	12220951.00	0.00	31.43	1013.93	1014.92	-0.22	2.31	111.52	11.00	-55.73	9.92	9.91	9.93	0.62	6.19	25.12	23.09	0.34	17.593	46.293	109.4	10.42	7.756	63.5	-38.583	NaN	NaN	NaN	-0.018	0.0	16.9275
EQU	0	04/09/09	03:57:55	03:57:59	-34.1190	15.8111	17.63	NaN	8407020.00	407.59	12088527.00	0.00	31.43	1014.00	1015.19	0.68	2.32	128.31	11.00	-55.73	9.92	9.91	9.93	0.62	6.25	25.12	23.09	0.32	17.589	46.291	109.4	10.42	7.756	63.6	-38.583	NaN	NaN	NaN	-0.017	0.0	16.9283
EQU	0	04/09/09	03:59:08	03:59:12	-34.1195	15.8068	17.63	NaN	8381509.00	408.62	12169591.00	0.00	31.43	1014.00	1014.85	0.11	2.31	142.70	11.00	-55.74	9.92	9.91	9.93	0.62	6.25	25.12	23.09	0.32	17.592	46.296	109.4	10.42	7.756	63.7	-38.583	NaN	NaN	NaN	-0.017	0.0	16.9290
EQU	0	04/09/09	04:00:21	04:00:25	-34.1198	15.8024	17.63	NaN	8475367.00	409.02	12047472.00	0.00	31.43	1013.93	1015.02	0.29	2.29	116.12	11.00	-55.75	9.92	9.91	9.93	0.62	6.19	25.06	23.09	0.30	17.587	46.290	109.4	10.43	7.756	63.8	-38.583	NaN	NaN	NaN	-0.015	0.0	16.9275
EQU	0	04/09/09	04:01:35	04:01:39	-34.1203	15.7980	17.63	NaN	8488027.00	408.02	11978724.00	0.00	31.43	1013.89	1015.00	0.53	2.31	141.79	11.00	-55.75	9.92	9.91	9.93	0.62	6.25	25.12	23.09	0.33	17.593	46.295	109.5	10.43	7.756	64.0	-38.583	NaN	NaN	NaN	-0.014	0.0	16.9250
EQU-DRAIN	0	04/09/09	04:02:48	04:02:52	-34.1208	15.7936	17.63	NaN	8463866.00	407.49	11977169.00	0.00	31.43	1013.96	1015.25	0.58	2.30	139.15	11.00	-55.75	9.92	9.91	9.93	0.62	6.19	25.12	23.20	0.28	17.591	46.291	109.5	10.43	7.756	64.1	-38.583	NaN	NaN	NaN	-0.017	0.0	16.9276
EQU	0	04/09/09	04:04:23	04:04:27	-34.1214	15.7880	17.63	NaN	8476240.00	399.87	12161315.00	0.00	31.43	1014.03	1015.12	0.15	2.29	133.54	11.00	-55.74	9.92	9.91	9.93	0.62	6.19	25.12	23.09	0.25	17.589	46.291	109.4	10.42	7.756	64.1	-38.583	NaN	NaN	NaN	-0.025	0.0	16.9239
EQU	0	04/09/09	04:05:36	04:05:40	-34.1217	15.7837	17.63	NaN	8442066.00	399.22	12021946.00	0.00	31.43	1014.11	1015.14	0.14	2.30	112.80	11.00	-55.74	9.92	9.91	9.93	0.62	6.19	25.12	23.20	0.34	17.586	46.286	109.4	10.43	7.756	64.0	-38.583	NaN	NaN	NaN	-0.023	0.0	16.9245
EQU	0	04/09/09	04:06:50	04:06:54	-34.1223	15.7792	17.62	NaN	8488634.00	402.78	12007589.00	0.00	31.43	1014.02	1015.12	0.24	2.30	113.77	11.00	-55.74	9.92	9.91	9.93	0.62	6.19	25.06	23.20	0.28	17.585	46.288	109.4	10.43	7.756	63.9	-38.583	NaN	NaN	NaN	-0.027	0.0	16.9282
EQU	0	04/09/09	04:08:03	04:08:07	-34.1226	15.7749	17.63	NaN	8391182.00	404.28	12279228.00	0.00	31.43	1013.98	1014.81	-0.43	2.30	112.16	11.00	-55.74	9.92	9.91	9.93	0.62	6.19	25.12	23.20	0.35	17.595	46.299	109.4	10.42	7.756	64.0	-38.583	NaN	NaN	NaN	-0.021	0.0	16.9348
EQU	0	04/09/09	04:09:16	04:09:20	-34.1231	15.7706	17.63	NaN	8490835.00	406.93	12092210.00	0.00	31.43	1014.01	1015.05	-0.65	2.31	110.82	11.00	-55.74	9.92	9.91	9.93	0.62	6.19	25.12	23.20	0.34	17.593	46.298	109.4	10.42	7.756	63.9	-38.583	NaN	NaN	NaN	-0.023	0.0	16.9362
EQU	0	04/09/09	04:10:29	04:10:33	-34.1236	15.7663	17.63	NaN	8402996.00	406.41	12117826.00	0.00	31.43	1014.10	1015.11	0.49	2.31	117.77	11.00	-55.74	9.92	9.91	9.93	0.62	6.19	25.12	23.20	0.28	17.598	46.304	109.4	10.42	7.756	63.8	-38.583	NaN	NaN	NaN	-0.023	0.0	16.9389
EQU	0	04/09/09	04:11:43	04:11:47	-34.1241	15.7619	17.64	NaN	8480740.00	408.73	11959298.00	0.00	31.44	1014.06	1015.37	0.55	2.29	138.18	11.00	-55.74	9.92	9.91	9.93	0.62	6.25	25.12	23.20	0.32	17.601	46.305	109.4	10.42	7.756	63.8	-38.583	NaN	NaN	NaN	-0.024	0.0	16.9423
EQU	0	04/09/09	04:12:56	04:13:00	-34.1245	15.7575	17.64	NaN	8357034.00	408.70	12085009.00	0.00	31.43	1014.20	1015.37	0.43	2.30	116.38	11.00	-55.74	9.92	9.91	9.93	0.62	6.19	25.12	23.20	0.27	17.599	46.303	109.4	10.42	7.756	63.8	-38.583	NaN	NaN	NaN	-0.023	0.0	16.9398
EQU	0	04/09/09	04:14:09	04:14:13	-34.1250	15.7533	17.64	NaN	8537629.00	407.76	12017273.00	0.00	31.43	1014.03	1015.33	0.32	2.30	139.30	11.00	-55.74	9.92	9.91	9.93	0.62	6.19	25.06	23.20	0.29	17.605	46.310	109.4	10.42	7.756	63.9	-38.583	NaN	NaN	NaN	-0.021	0.0	16.9421
EQU	0	04/09/09	04:15:22	04:15:26	-34.1255	15.7491	17.64	NaN	8449419.00	406.97	12260227.00	0.00	31.44	1014.03	1015.10	-0.55	2.30	111.65	11.00	-55.75	9.92	9.90	9.93	0.62	6.19	25.06	23.20	0.30	17.601	46.306	109.3	10.41	7.756	64.0	-38.583	NaN	NaN	NaN	-0.017	0.0	16.9413
EQU	0	04/09/09	04:16:36	04:16:40	-34.1260	15.7447	17.65	NaN	8554886.00	406.22	11956192.00	0.00	31.43	1013.84	1015.23	0.35	2.29	114.62	11.00	-55.74	9.92	9.91	9.93	0.62	6.19	25.06	23.20	0.33	17.606	46.310	109.4	10.41	7.756	63.9	-38.583	NaN	NaN	NaN	-0.024	0.0	16.9409
EQU	0	04/09/09	04:17:49	04:17:53	-34.1264	15.7403	17.64	NaN	8520665.00	409.04	11941439.00	0.00	31.43	1013.94	1015.29	-0.31	2.30	136.10	11.00	-55.74	9.92	9.90	9.93	0.62	6.19	25.06	23.20	0.33	17.603	46.306	109.4	10.42	7.756	63.8	-38.583	NaN	NaN	NaN	-0.020	0.0	16.9482
EQU	0	04/09/09	04:19:02	04:19:06	-34.1269	15.7360	17.64	NaN	8346251.00	408.71	12232489.00	0.00	31.43	1014.01	1014.87	-0.64	2.28	111.39	11.00	-55.73	9.92	9.91	9.93	0.62	6.19	25.06	23.20	0.31	17.601	46.305	109.4	10.42	7.756	63.9	-38.583	NaN	NaN	NaN	-0.022	0.0	16.9368
EQU	0	04/09/09	04:20:15	04:20:19	-34.1273	15.7318	17.65	NaN	8438826.00	408.26	12245631.00	0.00	31.43	1014.04	1014.96	-0.49	2.31	116.58	11.00	-55.73	9.92	9.91	9.93	0.62	6.19	25.06	23.20	0.26	17.605	46.309	109.4	10.42	7.756	63.9	-38.583	NaN	NaN	NaN	-0.023	0.0	16.9514
EQU	0	04/09/09	04:21:28	04:21:33	-34.1277	15.7274	17.64	NaN	8429441.00	409.06	12171526.00	0.00	31.43	1014.03	1014.92	0.50	2.30	119.77	11.00	-55.73	9.92	9.91	9.93	0.62	6.25	25.06	23.20	0.35	17.606	46.311	109.4	10.42	7.756	63.9	-38.583	NaN	NaN	NaN	-0.023	0.0	16.9331
EQU-DRAIN	0	04/09/09	04:22:42	04:22:46	-34.1283	15.7232	17.65	NaN	8539320.00	408.56	12054616.00	0.00	31.43	1014.06	1015.21	0.16	2.30	142.09	11.00	-55.73	9.92	9.91	9.93	0.62	6.19	25.06	23.20	0.39	17.611	46.315	109.3	10.41	7.756	63.9	-38.583	NaN	NaN	NaN	-0.027	0.0	16.9398
EQU	0	04/09/09	04:24:17	04:24:21	-34.1289	15.7177	17.64	NaN	8552459.00	397.51	11947385.00	0.00	31.43	1014.08	1015.32	0.05	2.29	112.48	11.00	-55.73	9.92	9.91	9.93	0.62	6.19	25.06	23.20	0.30	17.604	46.308	109.4	10.42	7.756	64.0	-38.583	NaN	NaN	NaN	-0.021	0.0	16.9410
EQU	0	04/09/09	04:25:30	04:25:34	-34.1294	15.7135	17.65	NaN	8563209.00	384.09	12044887.00	0.00	31.43	1014.20	1015.56	1.19	2.29	126.70	11.00	-55.73	9.92	9.91	9.93	0.62	6.25	25.06	23.20	0.31	17.610	46.315	109.4	10.42	7.756	63.9	-38.583	NaN	NaN	NaN	-0.020	0.0	16.9451
EQU	0	04/09/09	04:26:43	04:26:48	-34.1299	15.7091	17.65	NaN	8637355.00	381.28	12020147.00	0.00	31.43	1013.95	1015.25	0.88	2.30	142.24	11.00	-55.73	9.92	9.91	9.93	0.62	6.19	25.06	23.20	0.32	17.608	46.312	109.5	10.42	7.756	64.0	-38.583	NaN	NaN	NaN	-0.020	0.0	16.9482
EQU	0	04/09/09	04:27:57	04:28:01	-34.1303	15.7047	17.65	NaN	8494590.00	380.02	12226272.00	0.00	31.44	1014.15	1015.22	0.02	2.30	122.01	11.00	-55.73	9.92	9.91	9.93	0.62	6.19	25.06	23.20	0.31	17.610	46.312	109.4	10.42	7.756	64.1	-38.583	NaN	NaN	NaN	-0.019	0.0	16.9380
EQU	0	04/09/09	04:29:10	04:29:14	-34.1307	15.7004	17.65	NaN	8479169.00	379.15	12130687.00	0.00	31.43	1014.20	1015.26	1.23	2.28	132.45	11.00	-55.74	9.92	9.91	9.93	0.62	6.19	25.06	23.20	0.29	17.606	46.311	109.5	10.43	7.756	64.2	-38.583	NaN	NaN	NaN	-0.018	0.0	16.9493
EQU	0	04/09/09	04:30:23	04:30:27	-34.1312	15.6961	17.64	NaN	8633257.00	378.97	11951604.00	0.00	31.43	1014.12	1015.47	0.19	2.28	111.78	11.00	-55.74	9.92	9.91	9.93	0.62	6.19	25.06	23.20	0.34	17.605	46.309	109.5	10.43	7.757	64.3	-38.583	NaN	NaN	NaN	-0.019	0.0	16.9404
EQU	0	04/09/09	04:31:36	04:31:41	-34.1316	15.6918	17.65	NaN	8601449.00	378.51	11987350.00	0.00	31.44	1014.14	1015.47	1.14	2.28	136.32	11.00	-55.74	9.92	9.91	9.93	0.62	6.25	25.06	23.20	0.29	17.606	46.311	109.5	10.43	7.756	64.2	-38.583	NaN	NaN	NaN	-0.015	0.0	16.9421
EQU	0	04/09/09	04:32:50	04:32:54	-34.1321	15.6875	17.65	NaN	8576969.00	378.58	12005445.00	0.00	31.43	1014.30	1015.63	0.37	2.30	118.97	11.00	-55.74	9.92	9.91	9.93	0.62	6.19	25.06	23.20	0.29	17.603	46.308	109.6	10.43	7.757	64.3	-38.583	NaN	NaN	NaN	-0.013	0.0	16.9425
EQU	0	04/09/09	04:34:03	04:34:07	-34.1326	15.6832	17.65	NaN	8539819.00	378.21	11986636.00	0.00	31.43	1014.10	1015.30	0.00	2.29	118.77	11.00	-55.74	9.92	9.91	9.93	0.62	6.19	25.06	23.20	0.33	17.607	46.312	109.5	10.43	7.757	64.4	-38.583	NaN	NaN	NaN	-0.019	0.0	16.9388
EQU	0	04/09/09	04:35:16	04:35:20	-34.1330	15.6790	17.65	NaN	8492258.00	378.13	12162604.00	0.00	31.43	1014.13	1014.99	0.58	2.31	140.35	11.00	-55.74	9.92	9.91	9.93	0.62	6.19	25.06	23.20	0.34	17.605	46.311	109.5	10.43	7.757	64.5	-38.583	NaN	NaN	NaN	-0.019	0.0	16.9495
EQU	0	04/09/09	04:36:29	04:36:33	-34.1334	15.6748	17.65	NaN	8494978.00	378.44	12106464.00	0.00	31.43	1014.19	1015.19	1.26	2.30	127.33	11.00	-55.73	9.92	9.91	9.93	0.62	6.19	25.06	23.20	0.28	17.609	46.313	109.6	10.43	7.757	64.3	-38.583	NaN	NaN	NaN	-0.019	0.0	16.9499
EQU	0	04/09/09	04:37:43	04:37:47	-34.1337	15.6705	17.65	NaN	8488081.00	379.11	12191046.00	0.00	31.43	1014.35	1015.39	0.07	2.28	113.97	11.00	-55.73	9.92	9.91	9.93	0.62	6.19	25.06	23.20	0.25	17.612	46.318	109.6	10.43	7.757	64.1	-38.583	NaN	NaN	NaN	-0.015	0.0	16.9688
EQU	0	04/09/09	04:38:56	04:39:00	-34.1342	15.6665	17.65	NaN	8552612.00	380.02	11976103.00	0.00	31.43	1014.36	1015.58	0.23	2.30	113.58	11.00	-55.73	9.92	9.90	9.93	0.62	6.19	25.06	23.20	0.29	17.616	46.321	109.6	10.43	7.757	63.9	-38.583	NaN	NaN	NaN	-0.018	0.0	16.9595
EQU	0	04/09/09	04:40:09	04:40:13	-34.1346	15.6624	17.66	NaN	8570446.00	378.85	11998231.00	0.00	31.43	1014.30	1015.54	1.16	2.30	142.78	11.00	-55.73	9.92	9.91	9.93	0.62	6.19	25.06	23.09	0.33	17.627	46.333	109.5	10.43	7.756	63.7	-38.583	NaN	NaN	NaN	-0.015	0.0	16.9738
EQU	0	04/09/09	04:41:22	04:41:27	-34.1351	15.6581	17.66	NaN	8570118.00	378.07	12002842.00	0.00	31.43	1014.30	1015.61	1.05	2.31	120.11	11.00	-55.73	9.92	9.91	9.93	0.62	6.19	25.06	23.09	0.30	17.629	46.339	109.6	10.43	7.756	63.7	-38.583	NaN	NaN	NaN	-0.016	0.0	16.9918
EQU	0	04/09/09	04:42:36	04:42:40	-34.1354	15.6538	17.68	NaN	8543707.00	378.53	12086392.00	0.00	31.43	1014.17	1015.38	0.29	2.32	114.10	11.00	-55.73	9.92	9.91	9.93	0.62	6.19	25.12	23.09	0.27	17.646	46.357	109.5	10.42	7.756	63.9	-38.583	NaN	NaN	NaN	-0.017	0.0	16.9948
EQU-DRAIN	0	04/09/09	04:43:49	04:43:53	-34.1359	15.6496	17.69	NaN	8576072.00	380.00	11899967.00	0.00	31.43	1014.19	1015.53	0.07	2.33	110.38	11.00	-55.73	9.92	9.91	9.93	0.62	6.19	25.12	23.09	0.29	17.649	46.357	109.5	10.42	7.756	64.1	-38.583	NaN	NaN	NaN	-0.019	0.0	17.0078
EQU	0	04/09/09	04:45:24	04:45:28	-34.1364	15.6440	17.70	NaN	8445270.00	374.31	12291358.00	0.00	31.43	1014.19	1014.93	1.01	2.30	120.18	11.00	-55.74	9.92	9.91	9.93	0.62	6.19	25.06	23.09	0.31	17.664	46.378	109.4	10.41	7.756	64.2	-38.583	NaN	NaN	NaN	-0.023	0.0	17.0097
EQU	0	04/09/09	04:46:37	04:46:41	-34.1369	15.6398	17.71	NaN	8563614.00	390.79	12067205.00	0.00	31.43	1014.20	1015.43	-0.35	2.31	117.04	11.00	-55.74	9.92	9.91	9.93	0.62	6.19	25.06	22.99	0.27	17.670	46.384	109.4	10.40	7.756	64.0	-38.583	NaN	NaN	NaN	-0.023	0.0	17.0277
EQU	0	04/09/09	04:47:51	04:47:55	-34.1372	15.6355	17.71	NaN	8535181.00	398.96	11996790.00	0.00	31.43	1014.11	1015.41	-0.52	2.30	110.38	11.00	-55.74	9.92	9.91	9.93	0.62	6.19	25.12	22.99	0.30	17.676	46.392	109.4	10.40	7.756	63.9	-38.583	NaN	NaN	NaN	-0.022	0.0	17.0253
EQU	0	04/09/09	04:49:04	04:49:09	-34.1377	15.6312	17.72	NaN	8483373.00	404.17	12226598.00	0.00	31.43	1014.18	1015.20	-0.37	2.30	110.25	11.00	-55.75	9.92	9.91	9.93	0.62	6.19	25.12	22.99	0.31	17.686	46.401	109.3	10.39	7.756	63.7	-38.583	NaN	NaN	NaN	-0.024	0.0	17.0368
EQU	0	04/09/09	04:50:18	04:50:22	-34.1380	15.6270	17.72	NaN	8402119.00	406.66	12118587.00	0.00	31.43	1014.36	1015.33	-0.60	2.30	115.79	11.00	-55.74	9.92	9.91	9.93	0.62	6.19	25.12	22.99	0.29	17.688	46.404	109.3	10.40	7.755	63.8	-38.583	NaN	NaN	NaN	-0.025	0.0	17.0332
EQU	0	04/09/09	04:51:31	04:51:35	-34.1385	15.6228	17.73	NaN	8425354.00	407.88	12114498.00	0.00	31.43	1014.41	1015.43	0.49	2.31	143.08	11.00	-55.74	9.92	9.91	9.93	0.62	6.19	25.12	22.99	0.34	17.698	46.414	109.3	10.39	7.755	63.8	-38.583	NaN	NaN	NaN	-0.028	0.0	17.0303
EQU	0	04/09/09	04:52:44	04:52:48	-34.1389	15.6186	17.73	NaN	8421419.00	412.03	11984412.00	0.00	31.43	1014.31	1015.31	-0.70	2.30	110.69	11.00	-55.75	9.92	9.91	9.93	0.62	6.19	25.12	22.99	0.27	17.694	46.413	109.3	10.39	7.755	63.8	-38.583	NaN	NaN	NaN	-0.029	0.0	17.0440
EQU	0	04/09/09	04:53:57	04:54:02	-34.1392	15.6143	17.74	NaN	8443014.00	410.31	11996992.00	0.00	31.43	1014.43	1015.58	-0.09	2.31	123.17	11.00	-55.74	9.92	9.91	9.93	0.62	6.19	25.12	22.89	0.27	17.699	46.418	109.2	10.38	7.755	63.7	-38.583	NaN	NaN	NaN	-0.036	0.0	17.0396
EQU	0	04/09/09	04:55:11	04:55:15	-34.1396	15.6101	17.74	NaN	8588010.00	410.16	11916536.00	0.00	31.43	1014.34	1015.63	-0.37	2.29	111.33	11.00	-55.74	9.92	9.91	9.93	0.62	6.25	25.06	22.89	0.34	17.703	46.421	109.1	10.37	7.755	63.6	-38.583	NaN	NaN	NaN	-0.035	0.0	17.0435
EQU	0	04/09/09	04:56:24	04:56:28	-34.1400	15.6059	17.74	NaN	8581626.00	410.55	11983564.00	0.00	31.43	1014.30	1015.53	-0.65	2.31	116.78	11.00	-55.74	9.92	9.91	9.93	0.62	6.19	25.06	22.89	0.33	17.703	46.421	109.1	10.37	7.755	63.4	-38.583	NaN	NaN	NaN	-0.031	0.0	17.0437
EQU	0	04/09/09	04:57:38	04:57:42	-34.1405	15.6017	17.74	NaN	8504830.00	413.01	11964443.00	0.00	31.43	1014.43	1015.73	0.11	2.31	116.25	11.00	-55.74	9.92	9.90	9.93	0.62	6.19	25.06	22.89	0.29	17.706	46.425	109.1	10.36	7.755	63.4	-38.583	NaN	NaN	NaN	-0.033	0.0	17.0504
EQU	0	04/09/09	04:58:50	04:58:55	-34.1408	15.5974	17.74	NaN	8377456.00	412.40	12259821.00	0.00	31.43	1014.41	1015.36	0.64	2.28	123.92	11.00	-55.73	9.92	9.90	9.93	0.62	6.19	25.12	22.89	0.30	17.707	46.427	109.0	10.36	7.755	63.4	-38.583	NaN	NaN	NaN	-	0.0	17.0437
EQU	0	04/09/09	05:00:04	05:00:08	-34.1412	15.5932	17.75	NaN	8413727.00	413.58	12137125.00	0.00	31.43	1014.39	1015.47	-0.46	2.30	111.07	11.00	-55.73	9.92	9.91	9.93	0.62	6.19	25.06	22.79	0.30	17.712	46.431	109.0	10.35	7.756	63.4	-38.583	NaN	NaN	NaN	-0.037	0.0	17.0460
EQU	0	04/09/09	05:01:17	05:01:21	-34.1417	15.5888	17.75	NaN	8358832.00	413.63	12150224.00	0.00	31.42	1014.48	1015.60	-0.46	2.29	126.63	11.00	-55.73	9.92	9.91	9.93	0.62	6.19	25.06	22.79	0.28	17.712	46.429	109.0	10.36	7.755	63.5	-38.583	NaN	NaN	NaN	-0.038	0.0	17.0582
EQU	0	04/09/09	05:02:31	05:02:35	-34.1420	15.5844	17.75	NaN	8383809.00	414.92	12158651.00	0.00	31.42	1014.43	1015.43	0.49	2.30	129.30	11.00	-55.74	9.92	9.91	9.93	0.62	6.19	25.12	22.79	0.31	17.712	46.431	108.9	10.35	7.755	63.8	-38.583	NaN	NaN	NaN	-0.044	0.0	17.0466
EQU-DRAIN	0	04/09/09	05:03:44	05:03:48	-34.1424	15.5801	17.75	NaN	8392327.00	415.61	11952956.00	0.00	31.43	1014.66	1015.90	-0.30	2.30	134.56	11.00	-55.74	9.92	9.90	9.93	0.62	6.19	25.06	22.79	0.27	17.715	46.434	109.0	10.35	7.755	63.9	-38.583	NaN	NaN	NaN	-0.046	0.0	17.0614
EQU	0	04/09/09	05:05:19	05:05:24	-34.1430	15.5745	17.75	NaN	8460613.00	404.21	12041154.00	0.00	31.43	1014.54	1015.80	-0.36	2.31	125.44	11.00	-55.74	9.92	9.90	9.93	0.62	6.19	25.06	22.79	0.29	17.716	46.435	108.9	10.35	7.755	64.1	-38.583	NaN	NaN	NaN	-0.050	0.0	17.0540
EQU	0	04/09/09	05:06:33	05:06:38	-34.1434	15.5701	17.75	NaN	8518613.00	404.74	11938622.00	0.00	31.43	1014.53	1015.82	0.49	2.30	141.56	11.00	-55.74	9.92	9.91	9.93	0.62	6.19	25.06	22.79	0.30	17.717	46.435	108.9	10.35	7.754	64.1	-38.583	NaN	NaN	NaN	-0.047	0.0	17.0572
EQU	0	04/09/09	05:07:47	05:07:51	-34.1439	15.5659	17.76	NaN	8579197.00	410.26	11815438.00	0.00	31.43	1014.65	1016.05	0.72	2.29	136.91	11.00	-55.73	9.92	9.90	9.93	0.62	6.19	25.06	22.79	0.36	17.717	46.438	108.9	10.35	7.754	64.2	-38.583	NaN	NaN	NaN	-0.049	0.0	17.0526
EQU	0	04/09/09	05:09:00	05:09:04	-34.1444	15.5617	17.76	NaN	8474205.00	413.14	11993070.00	0.00	31.43	1014.82	1016.09	0.75	2.29	131.16	11.00	-55.74	9.92	9.90	9.93	0.62	6.19	25.06	22.69	0.36	17.722	46.442	108.9	10.34	7.754	64.3	-38.583	NaN	NaN	NaN	-0.050	0.0	17.0529
EQU	0	04/09/09	05:10:13	05:10:17	-34.1448	15.5574	17.76	NaN	8593820.00	412.92	11934653.00	0.00	31.43	1014.72	1016.14	-0.11	2.30	115.60	11.00	-55.74	9.92	9.90	9.93	0.62	6.19	25.06	22.69	0.34	17.719	46.438	108.9	10.35	7.754	64.4	-38.583	NaN	NaN	NaN	-0.051	0.0	17.0550
EQU	0	04/09/09	05:11:26	05:11:31	-34.1452	15.5532	17.76	NaN	8496965.00	413.16	12038823.00	0.00	31.43	1014.71	1015.93	-0.58	2.30	111.46	11.00	-55.74	9.92	9.90	9.93	0.62	6.19	25.06	22.69	0.33	17.723	46.442	108.8	10.34	7.754	64.5	-38.583	NaN	NaN	NaN	-0.051	0.0	17.0523
EQU	0	04/09/09	05:12:40	05:12:44	-34.1457	15.5490	17.76	NaN	8425251.00	413.33	12128257.00	0.00	31.43	1014.92	1016.13	0.46	2.30	118.50	11.00	-55.75	9.92	9.90	9.93	0.62	6.19	25.12	22.69	0.32	17.720	46.440	108.8	10.33	7.754	64.6	-38.583	NaN	NaN	NaN	-0.047	0.0	17.0666
EQU	0	04/09/09	05:13:53	05:13:57	-34.1460	15.5446	17.76	NaN	8379277.00	413.07	12080479.00	0.00	31.43	1014.88	1015.89	0.60	2.31	139.45	11.00	-55.74	9.92	9.90	9.93	0.62	6.19	25.12	22.69	0.26	17.718	46.438	108.8	10.33	7.754	64.7	-38.583	NaN	NaN	NaN	-0.049	0.0	17.0615
EQU	0	04/09/09	05:15:06	05:15:10	-34.1465	15.5405	17.76	NaN	8446593.00	414.65	11993155.00	0.00	31.43	1014.84	1016.06	0.58	2.29	119.84	11.00	-55.75	9.92	9.90	9.93	0.62	6.19	25.06	22.59	0.31	17.728	46.449	108.8	10.33	7.754	64.9	-38.583	NaN	NaN	NaN	-0.049	0.0	17.0641
EQU	0	04/09/09	05:16:19	05:16:24	-34.1470	15.5362	17.76	NaN	8446863.00	414.48	12025659.00	0.00	31.43	1014.80	1015.95	-0.32	2.30	126.70	11.00	-55.75	9.92	9.90	9.93	0.62	6.19	25.06	22.59	0.31	17.726	46.447	108.7	10.33	7.754	65.0	-38.583	NaN	NaN	NaN	-0.048	0.0	17.0653
EQU	0	04/09/09	05:17:32	05:17:37	-34.1474	15.5320	17.77	NaN	8478311.00	414.62	12017093.00	0.00	31.43	1014.71	1016.06	0.65	2.30	129.23	11.00	-55.75	9.92	9.90	9.93	0.62	6.19	25.06	22.59	0.33	17.733	46.454	108.7	10.33	7.754	65.1	-38.583	NaN	NaN	NaN	-0.053	0.0	17.0630
EQU	0	04/09/09	05:18:46	05:18:50	-34.1478	15.5277	17.77	NaN	8383110.00	417.38	12299558.00	0.00	31.43	1014.72	1015.86	0.76	2.29	121.94	11.00	-55.75	9.92	9.90	9.93	0.62	6.19	25.06	22.59	0.34	17.728	46.449	108.7	10.32	7.754	65.3	-38.583	NaN	NaN	NaN	-0.054	0.0	17.0588
SHUT DOWN	0	04/09/09	05:19:04	05:19:09	-34.1479	15.5266
